2536 2541 2551 2562 2573 2582 2584 2584 2587 2599 2623 2655 2695 2737 2769 2787 2792 2787 2774 2747 2705 2659 2624 2598 2578 2552 2526 2512 2511 2511 2526 2570 2657 2750 2788 2781 2764 2745 2727 2697 2664 2629 2595 2566 2536 2508 2478 2449 2423 2391 2360 2323 2279 2238 2196 2163 2138 2124 2130 2156 2196 2234 2264 2289 2297 2288 2274 2267 2261 2264 2272 2280 2269 2237 2200 2177 2176 2174 2151 2135 2120 2097 2079 2064 2047 2027 2006 1983 1958 1940 1913 1874 1851 1840 1828 1813 1794 1782 1776 1773 1771 1770 1771 1772 1770 1766 1758 1748 1738 1728 1722 1719 1718 1718 1716 1713 1712 1711 1711 1710 1709 1708 1707 1707 1706 1703 1702 1702
2562 2571 2584 2596 2608 2622 2630 2636 2646 2659 2673 2692 2719 2745 2757 2756 2755 2753 2743 2721 2687 2654 2627 2603 2584 2561 2539 2530 2537 2543 2566 2620 2701 2775 2799 2787 2771 2752 2735 2711 2684 2650 2613 2579 2546 2518 2487 2457 2430 2398 2363 2321 2274 2235 2200 2170 2147 2137 2149 2183 2227 2269 2305 2332 2340 2329 2316 2315 2317 2326 2337 2341 2328 2299 2266 2239 2221 2207 2190 2181 2172 2154 2135 2113 2089 2062 2035 2011 1988 1972 1947 1910 1889 1881 1870 1853 1829 1810 1799 1794 1794 1796 1797 1797 1792 1787 1779 1766 1752 1737 1727 1721 1719 1719 1716 1713 1712 1711 1711 1710 1709 1707 1707 1707 1706 1704 1703 1703
2585 2598 2612 2625 2642 2662 2676 2687 2700 2713 2723 2733 2744 2750 2745 2731 2725 2725 2717 2702 2679 2654 2633 2613 2595 2574 2557 2552 2564 2577 2610 2673 2739 2783 2789 2774 2760 2744 2727 2709 2690 2662 2629 2593 2555 2524 2493 2464 2437 2402 2365 2320 2269 2231 2201 2175 2155 2149 2162 2198 2246 2295 2336 2364 2372 2364 2355 2358 2367 2381 2391 2389 2372 2343 2312 2283 2258 2242 2233 2230 2224 2210 2191 2165 2132 2097 2064 2039 2017 2003 1982 1951 1931 1920 1908 1890 1863 1840 1826 1820 1823 1827 1827 1823 1816 1809 1801 1789 1774 1755 1738 1728 1723 1720 1717 1713 1711 1710 1710 1710 1709 1707 1707 1707 1706 1704 1703 1703
2614 2629 2643 2659 2680 2705 2721 2730 2740 2751 2758 2762 2759 2747 2729 2711 2703 2702 2697 2689 2675 2657 2640 2625 2608 2591 2579 2579 2594 2616 2661 2726 2772 2784 2772 2754 2743 2727 2710 2693 2681 2662 2636 2601 2560 2524 2494 2466 2439 2402 2363 2316 2266 2229 2201 2178 2162 2160 2173 2208 2261 2315 2360 2389 2399 2398 2393 2397 2409 2425 2431 2423 2401 2373 2344 2315 2293 2283 2281 2282 2275 2262 2243 2214 2176 2135 2098 2072 2052 2037 2020 1996 1975 1957 1942 1924 1899 1877 1862 1856 1859 1862 1860 1853 1843 1835 1827 1816 1800 1778 1757 1741 1731 1726 1720 1715 1711 1709 1709 1709 1709 1708 1707 1706 1705 1704 1703 1703
2643 2659 2675 2692 2715 2738 2750 2753 2757 2763 2766 2763 2750 2729 2706 2689 2681 2680 2679 2677 2670 2658 2645 2633 2619 2604 2598 2601 2619 2651 2703 2764 2793 2785 2762 2742 2730 2713 2691 2672 2661 2647 2628 2597 2555 2519 2489 2461 2434 2394 2353 2307 2260 2226 2198 2178 2165 2166 2182 2219 2273 2326 2371 2401 2417 2424 2423 2427 2436 2448 2449 2438 2416 2391 2366 2342 2324 2318 2319 2318 2307 2291 2271 2242 2206 2166 2128 2101 2080 2064 2049 2028 2005 1982 1963 1947 1930 1914 1903 1895 1894 1894 1891 1883 1872 1862 1852 1840 1823 1801 1779 1760 1746 1736 1727 1719 1714 1709 1708 1708 1708 1707 1706 1705 1704 1703 1703 1702
2682 2700 2717 2737 2757 2772 2774 2769 2764 2761 2755 2745 2726 2703 2682 2668 2662 2661 2663 2665 2662 2656 2648 2640 2627 2617 2617 2626 2649 2688 2741 2791 2809 2793 2764 2741 2725 2705 2679 2654 2639 2624 2608 2580 2542 2507 2477 2449 2420 2380 2338 2295 2255 2225 2200 2183 2173 2177 2199 2241 2293 2340 2381 2412 2434 2446 2448 2449 2453 2456 2453 2442 2425 2406 2387 2369 2356 2350 2348 2343 2328 2306 2285 2260 2232 2198 2163 2136 2113 2095 2078 2056 2031 2006 1985 1973 1964 1957 1948 1937 1929 1924 1920 1914 1903 1890 1876 1860 1842 1821 1800 1781 1764 1750 1736 1726 1718 1711 1707 1706 1707 1707 1705 1704 1702 1701 1701 1701
2719 2739 2757 2774 2788 2793 2787 2774 2758 2744 2730 2715 2697 2678 2665 2656 2653 2653 2654 2654 2652 2648 2642 2636 2627 2624 2634 2651 2679 2720 2769 2806 2815 2798 2771 2748 2730 2706 2676 2647 2626 2608 2589 2563 2527 2494 2464 2434 2403 2363 2323 2285 2253 2228 2204 2189 2181 2189 2218 2265 2313 2353 2389 2419 2443 2456 2459 2457 2454 2450 2443 2434 2422 2409 2396 2383 2374 2368 2362 2353 2335 2311 2291 2272 2251 2225 2194 2167 2143 2123 2104 2080 2054 2029 2010 2003 1999 1996 1986 1969 1954 1943 1939 1936 1925 1911 1894 1874 1855 1833 1812 1793 1775 1759 1744 1732 1723 1715 1710 1707 1706 1706 1704 1702 1701 1700 1700 1699
2757 2780 2799 2809 2815 2815 2807 2788 2760 2733 2713 2697 2681 2668 2661 2658 2659 2657 2653 2649 2645 2640 2634 2628 2624 2631 2655 2682 2712 2750 2789 2816 2815 2795 2772 2754 2734 2710 2679 2648 2627 2605 2581 2550 2514 2483 2451 2419 2387 2348 2312 2280 2255 2235 2215 2202 2198 2210 2244 2293 2337 2370 2401 2427 2447 2458 2459 2454 2446 2438 2429 2421 2413 2403 2394 2385 2379 2374 2366 2355 2338 2318 2303 2289 2273 2251 2223 2198 2175 2154 2133 2108 2084 2062 2047 2043 2039 2033 2016 1992 1970 1957 1952 1949 1939 1924 1905 1883 1863 1839 1815 1794 1775 1760 1747 1736 1729 1720 1713 1708 1705 1704 1703 1701 1699 1699 1699 1699
2786 2813 2834 2841 2840 2839 2831 2809 2774 2739 2715 2700 2687 2678 2675 2675 2676 2672 2662 2653 2646 2641 2636 2633 2635 2651 2683 2715 2742 2771 2797 2811 2804 2782 2765 2751 2732 2709 2682 2655 2634 2609 2579 2544 2506 2474 2441 2407 2374 2338 2307 2282 2260 2244 2230 2223 2226 2245 2281 2325 2361 2386 2410 2429 2443 2448 2446 2440 2431 2422 2413 2407 2399 2391 2383 2376 2371 2366 2358 2347 2333 2319 2309 2299 2286 2267 2244 2224 2203 2182 2159 2136 2114 2096 2084 2079 2070 2055 2032 2003 1980 1964 1958 1953 1941 1925 1906 1884 1862 1836 1809 1786 1768 1756 1746 1738 1731 1724 1717 1710 1705 1703 1702 1700 1699 1698 1699 1698
2800 2833 2858 2867 2868 2868 2859 2836 2800 2763 2737 2722 2712 2704 2702 2701 2701 2694 2680 2666 2658 2655 2654 2657 2666 2688 2720 2747 2766 2782 2793 2793 2780 2763 2749 2736 2717 2698 2679 2657 2637 2612 2579 2541 2501 2468 2433 2397 2364 2333 2307 2286 2267 2254 2247 2249 2264 2292 2326 2358 2382 2397 2412 2422 2428 2428 2426 2421 2413 2404 2397 2391 2385 2376 2368 2361 2356 2351 2342 2333 2323 2312 2304 2294 2285 2273 2258 2243 2225 2202 2179 2157 2139 2124 2110 2099 2083 2061 2035 2008 1987 1971 1960 1952 1937 1920 1899 1876 1853 1826 1798 1776 1760 1751 1744 1737 1731 1725 1717 1710 1704 1702 1701 1699 1698 1699 1699 1698
2811 2850 2882 2901 2910 2911 2900 2876 2843 2810 2783 2767 2755 2746 2740 2735 2732 2722 2707 2693 2685 2686 2692 2701 2714 2734 2757 2772 2779 2782 2778 2764 2750 2737 2724 2708 2689 2675 2662 2646 2630 2605 2573 2537 2497 2463 2428 2390 2359 2333 2312 2293 2277 2267 2268 2283 2311 2344 2372 2390 2400 2405 2409 2410 2409 2406 2403 2398 2391 2383 2377 2372 2366 2358 2350 2342 2337 2332 2323 2316 2307 2298 2289 2279 2273 2268 2261 2253 2237 2214 2191 2171 2157 2142 2123 2104 2081 2057 2033 2010 1993 1975 1959 1945 1926 1907 1885 1861 1839 1813 1787 1767 1753 1746 1740 1733 1727 1721 1714 1707 1703 1701 1700 1698 1698 1698 1698 1697
2821 2866 2907 2939 2957 2955 2940 2916 2887 2859 2832 2815 2801 2786 2775 2764 2758 2748 2733 2720 2717 2724 2734 2743 2754 2766 2775 2779 2775 2768 2754 2734 2722 2713 2701 2683 2662 2647 2636 2625 2612 2591 2563 2529 2491 2459 2425 2388 2357 2333 2316 2299 2284 2278 2289 2317 2352 2384 2402 2410 2413 2412 2410 2404 2396 2387 2380 2374 2366 2359 2354 2350 2346 2339 2331 2323 2318 2313 2306 2299 2290 2280 2271 2262 2258 2256 2252 2246 2233 2213 2193 2176 2163 2145 2120 2095 2069 2046 2027 2010 1994 1974 1952 1933 1911 1890 1867 1842 1822 1800 1778 1761 1748 1741 1734 1727 1720 1714 1708 1704 1701 1700 1699 1698 1698 1698 1697 1696
2843 2891 2942 2986 3011 3007 2987 2964 2936 2909 2882 2864 2846 2827 2809 2793 2786 2778 2764 2755 2758 2768 2778 2781 2782 2782 2780 2775 2764 2749 2730 2711 2700 2693 2681 2662 2639 2619 2606 2595 2586 2568 2545 2515 2481 2454 2425 2390 2360 2337 2322 2309 2296 2295 2315 2351 2386 2408 2418 2421 2421 2419 2412 2402 2388 2372 2359 2347 2337 2329 2323 2321 2319 2315 2309 2302 2297 2293 2288 2281 2270 2259 2251 2246 2243 2240 2236 2230 2218 2203 2189 2173 2157 2135 2107 2080 2056 2038 2025 2009 1991 1966 1938 1915 1893 1870 1845 1821 1804 1788 1772 1757 1743 1735 1728 1720 1713 1706 1702 1700 1699 1699 1699 1698 1697 1697 1696 1695
2869 2919 2975 3025 3055 3052 3034 3013 2985 2954 2925 2905 2885 2863 2841 2823 2817 2814 2805 2800 2802 2808 2810 2804 2795 2784 2772 2762 2749 2730 2711 2694 2685 2676 2663 2645 2620 2598 2580 2567 2559 2545 2526 2501 2472 2448 2424 2394 2367 2345 2333 2323 2314 2315 2336 2372 2401 2414 2418 2422 2423 2421 2414 2402 2385 2363 2343 2327 2313 2303 2295 2291 2291 2291 2289 2284 2280 2276 2270 2262 2251 2241 2235 2231 2227 2222 2216 2210 2202 2192 2181 2165 2144 2119 2091 2067 2047 2034 2024 2008 1985 1953 1920 1895 1872 1849 1824 1802 1789 1778 1767 1753 1738 1728 1720 1713 1706 1700 1697 1697 1697 1698 1699 1698 1697 1695 1695 1695
2895 2946 3002 3051 3083 3089 3082 3066 3035 2997 2963 2941 2922 2901 2879 2859 2855 2860 2859 2855 2850 2843 2832 2817 2801 2785 2769 2756 2740 2721 2702 2685 2674 2662 2647 2628 2606 2584 2565 2549 2539 2527 2511 2490 2464 2444 2423 2400 2379 2361 2352 2346 2340 2342 2356 2382 2404 2413 2416 2419 2419 2418 2411 2398 2378 2352 2329 2309 2293 2280 2268 2261 2260 2264 2267 2265 2262 2257 2249 2240 2230 2222 2218 2214 2209 2202 2198 2195 2191 2184 2172 2152 2128 2103 2079 2059 2042 2031 2021 2004 1975 1936 1898 1870 1848 1827 1804 1784 1775 1768 1759 1746 1730 1719 1712 1705 1700 1696 1695 1695 1696 1697 1697 1697 1696 1695 1694 1694
2911 2964 3018 3062 3098 3117 3124 3113 3080 3036 2996 2971 2954 2936 2914 2896 2893 2903 2910 2907 2891 2871 2851 2830 2812 2795 2779 2765 2748 2729 2709 2689 2675 2660 2641 2622 2603 2585 2565 2545 2532 2519 2504 2486 2463 2444 2427 2410 2396 2383 2377 2374 2371 2370 2374 2386 2398 2405 2408 2409 2407 2404 2397 2385 2365 2341 2318 2297 2280 2264 2248 2236 2232 2236 2242 2244 2244 2238 2228 2217 2208 2202 2199 2195 2189 2185 2184 2186 2184 2177 2159 2133 2107 2084 2064 2049 2034 2025 2015 1995 1961 1917 1876 1848 1826 1807 1788 1772 1766 1761 1752 1738 1722 1711 1705 1700 1697 1695 1694 1695 1695 1696 1696 1696 1695 1695 1694 1694
2910 2965 3021 3067 3107 3139 3155 3147 3114 3068 3025 2999 2983 2965 2944 2926 2921 2931 2944 2942 2919 2894 2873 2854 2835 2817 2803 2791 2771 2749 2727 2707 2690 2671 2649 2629 2611 2596 2578 2554 2535 2519 2505 2489 2469 2451 2436 2425 2417 2408 2403 2400 2397 2393 2391 2392 2395 2396 2395 2391 2386 2381 2373 2364 2350 2331 2312 2292 2273 2255 2234 2218 2209 2210 2216 2221 2224 2221 2212 2199 2187 2179 2176 2173 2171 2171 2174 2180 2179 2167 2142 2111 2082 2060 2042 2031 2019 2013 2004 1981 1945 1898 1859 1833 1811 1794 1778 1766 1761 1757 1748 1734 1718 1707 1701 1697 1696 1695 1694 1695 1696 1695 1695 1695 1695 1695 1695 1695
2894 2950 3009 3060 3108 3150 3171 3166 3136 3094 3051 3024 3005 2985 2964 2946 2936 2941 2955 2954 2931 2910 2895 2884 2867 2849 2839 2829 2806 2780 2755 2733 2714 2692 2667 2646 2628 2614 2595 2570 2547 2527 2512 2498 2480 2465 2453 2445 2441 2434 2430 2425 2421 2416 2410 2406 2401 2393 2384 2374 2364 2354 2343 2335 2327 2315 2302 2285 2266 2246 2224 2204 2190 2183 2185 2191 2198 2200 2194 2181 2164 2151 2146 2146 2149 2156 2165 2173 2168 2148 2116 2080 2051 2028 2010 2000 1991 1989 1981 1958 1922 1879 1844 1821 1800 1784 1771 1762 1758 1752 1744 1730 1715 1703 1697 1696 1696 1695 1694 1695 1696 1695 1694 1695 1695 1695 1695 1696
2872 2925 2986 3040 3094 3144 3169 3165 3140 3103 3064 3034 3009 2986 2964 2944 2930 2930 2942 2941 2925 2912 2906 2901 2889 2876 2873 2866 2842 2815 2789 2764 2742 2715 2689 2668 2648 2632 2612 2586 2562 2540 2523 2509 2493 2480 2470 2465 2461 2456 2451 2446 2439 2433 2427 2419 2409 2395 2381 2365 2350 2335 2320 2310 2303 2296 2288 2275 2259 2242 2221 2199 2179 2162 2157 2163 2175 2184 2184 2170 2148 2129 2121 2124 2134 2148 2161 2168 2157 2127 2087 2048 2018 1996 1978 1966 1958 1957 1951 1931 1899 1863 1834 1813 1794 1779 1769 1761 1757 1749 1739 1727 1712 1701 1696 1696 1697 1695 1695 1696 1697 1696 1695 1695 1695 1695 1695 1696
2852 2897 2954 3007 3064 3121 3152 3151 3132 3101 3065 3031 3000 2973 2949 2927 2913 2909 2915 2915 2906 2902 2901 2900 2894 2889 2894 2890 2868 2842 2817 2790 2762 2731 2705 2685 2663 2643 2620 2595 2573 2550 2533 2518 2504 2494 2487 2483 2480 2475 2471 2465 2458 2452 2444 2434 2420 2403 2386 2366 2345 2325 2305 2288 2277 2269 2264 2256 2244 2232 2215 2194 2167 2142 2129 2132 2147 2163 2169 2156 2131 2107 2096 2100 2115 2135 2149 2152 2135 2098 2052 2010 1982 1962 1943 1930 1920 1917 1912 1896 1873 1846 1822 1802 1785 1773 1765 1758 1752 1742 1732 1720 1708 1698 1694 1695 1696 1695 1695 1697 1697 1697 1696 1696 1696 1696 1695 1696
2833 2869 2919 2967 3022 3082 3120 3128 3116 3090 3056 3019 2984 2955 2932 2909 2896 2890 2889 2887 2884 2884 2884 2884 2883 2887 2896 2895 2875 2852 2827 2798 2767 2734 2708 2689 2666 2643 2620 2598 2579 2558 2541 2525 2512 2505 2500 2495 2491 2486 2482 2476 2470 2465 2457 2445 2431 2414 2395 2372 2348 2325 2299 2275 2255 2243 2237 2231 2224 2218 2207 2189 2161 2131 2111 2108 2121 2140 2149 2140 2116 2092 2078 2079 2095 2117 2130 2129 2107 2066 2020 1979 1953 1935 1916 1902 1890 1883 1878 1866 1850 1830 1810 1792 1777 1767 1760 1753 1745 1734 1724 1713 1703 1696 1693 1694 1695 1695 1696 1697 1697 1697 1696 1696 1696 1697 1697 1697
2816 2844 2883 2923 2974 3034 3081 3103 3099 3076 3044 3006 2969 2941 2921 2901 2889 2881 2877 2872 2866 2862 2860 2861 2864 2872 2881 2881 2864 2842 2816 2786 2756 2724 2700 2680 2656 2634 2612 2595 2580 2563 2546 2531 2519 2512 2508 2503 2499 2494 2489 2484 2479 2475 2468 2455 2440 2422 2402 2378 2352 2327 2297 2266 2239 2219 2210 2204 2201 2198 2192 2179 2155 2125 2100 2090 2095 2110 2118 2114 2097 2078 2062 2057 2068 2087 2099 2096 2071 2031 1989 1953 1930 1914 1895 1880 1867 1858 1851 1840 1828 1811 1795 1781 1768 1760 1752 1743 1735 1725 1715 1706 1698 1694 1693 1694 1695 1696 1697 1697 1697 1696 1696 1696 1697 1699 1700 1701
2802 2825 2856 2888 2933 2988 3041 3076 3080 3058 3026 2989 2956 2931 2915 2898 2887 2879 2872 2863 2849 2838 2832 2832 2837 2845 2850 2849 2836 2815 2789 2761 2733 2705 2682 2662 2639 2619 2602 2589 2578 2563 2548 2534 2522 2515 2511 2507 2503 2500 2495 2491 2487 2484 2477 2463 2447 2427 2405 2380 2353 2328 2296 2261 2229 2203 2188 2179 2174 2171 2166 2159 2143 2117 2091 2073 2069 2074 2079 2079 2070 2057 2040 2029 2033 2048 2057 2054 2032 1996 1960 1931 1912 1897 1879 1865 1852 1842 1833 1821 1808 1792 1779 1768 1758 1750 1741 1732 1725 1716 1708 1700 1695 1693 1694 1695 1696 1697 1698 1697 1696 1696 1696 1696 1698 1703 1704 1705
2792 2814 2842 2870 2908 2957 3008 3048 3056 3036 3003 2969 2941 2920 2905 2890 2880 2872 2862 2848 2828 2813 2805 2804 2808 2812 2813 2811 2801 2784 2762 2737 2712 2687 2665 2645 2625 2609 2595 2584 2573 2560 2546 2532 2521 2515 2511 2508 2506 2503 2501 2498 2497 2493 2484 2469 2451 2428 2403 2377 2352 2327 2294 2259 2224 2195 2175 2160 2149 2142 2136 2133 2124 2106 2081 2057 2044 2041 2042 2044 2040 2029 2012 1998 1997 2009 2017 2015 1996 1966 1937 1913 1897 1882 1866 1853 1841 1831 1820 1806 1793 1778 1766 1756 1747 1739 1731 1723 1717 1710 1702 1697 1694 1694 1695 1696 1697 1698 1698 1697 1696 1695 1695 1697 1700 1705 1708 1710
2784 2807 2836 2862 2895 2937 2983 3021 3032 3014 2982 2951 2929 2910 2894 2877 2867 2858 2844 2825 2803 2787 2780 2777 2778 2778 2776 2772 2765 2755 2739 2717 2694 2671 2650 2633 2616 2603 2592 2580 2569 2556 2542 2530 2520 2515 2513 2512 2513 2513 2514 2515 2513 2508 2495 2477 2455 2428 2399 2371 2346 2323 2291 2257 2224 2194 2171 2149 2129 2115 2104 2100 2096 2084 2063 2037 2018 2009 2006 2007 2003 1991 1974 1961 1960 1969 1976 1975 1959 1935 1912 1893 1879 1865 1850 1839 1829 1818 1806 1792 1779 1765 1754 1744 1734 1727 1720 1715 1710 1705 1699 1695 1694 1695 1697 1697 1697 1698 1698 1697 1696 1695 1696 1699 1703 1707 1710 1714
2780 2806 2835 2859 2889 2927 2969 3005 3016 3000 2969 2943 2924 2907 2888 2866 2853 2842 2827 2806 2783 2767 2760 2756 2754 2750 2747 2743 2738 2733 2723 2705 2682 2658 2639 2624 2611 2600 2589 2576 2564 2550 2538 2527 2519 2515 2514 2516 2521 2526 2531 2533 2531 2522 2505 2485 2460 2427 2395 2366 2341 2319 2288 2257 2229 2201 2177 2149 2121 2098 2080 2072 2068 2060 2045 2022 2001 1988 1981 1978 1971 1959 1944 1934 1933 1939 1944 1942 1930 1912 1894 1879 1866 1852 1839 1830 1821 1810 1797 1783 1771 1759 1747 1736 1725 1718 1713 1709 1706 1701 1698 1696 1696 1697 1698 1697 1697 1698 1698 1697 1696 1695 1697 1700 1705 1708 1711 1715
2776 2803 2830 2850 2877 2915 2958 2994 3007 2994 2968 2944 2926 2907 2885 2857 2839 2826 2809 2790 2768 2752 2743 2737 2732 2728 2724 2722 2719 2717 2710 2693 2670 2646 2628 2616 2606 2598 2586 2572 2559 2547 2537 2528 2522 2519 2520 2527 2537 2547 2555 2557 2550 2538 2519 2496 2467 2431 2397 2366 2340 2317 2288 2261 2236 2211 2187 2156 2122 2091 2064 2049 2041 2034 2023 2006 1987 1972 1960 1952 1942 1931 1920 1913 1911 1913 1912 1909 1901 1888 1875 1862 1851 1840 1828 1820 1811 1800 1787 1773 1763 1753 1742 1730 1719 1712 1708 1704 1702 1698 1697 1697 1697 1697 1698 1697 1697 1697 1697 1697 1696 1696 1698 1701 1705 1708 1711 1714
2775 2800 2822 2838 2865 2906 2952 2991 3006 2999 2980 2959 2939 2916 2887 2853 2830 2814 2796 2779 2760 2746 2737 2727 2720 2715 2711 2709 2706 2704 2697 2681 2659 2636 2619 2609 2601 2594 2582 2569 2557 2546 2537 2530 2526 2526 2532 2542 2556 2570 2579 2579 2568 2552 2530 2505 2475 2437 2403 2372 2344 2319 2291 2267 2245 2221 2197 2166 2130 2095 2062 2039 2024 2012 2004 1992 1979 1963 1947 1935 1923 1912 1903 1897 1895 1893 1888 1883 1876 1868 1858 1846 1837 1828 1818 1809 1799 1789 1777 1765 1756 1747 1736 1725 1714 1708 1705 1702 1699 1697 1697 1698 1698 1698 1697 1697 1696 1696 1696 1697 1697 1697 1698 1701 1704 1707 1710 1713
2777 2797 2814 2827 2853 2898 2948 2988 3007 3007 2997 2982 2959 2928 2892 2853 2826 2807 2788 2773 2757 2746 2737 2725 2715 2706 2700 2696 2691 2688 2680 2664 2645 2626 2610 2601 2594 2588 2579 2568 2559 2550 2540 2533 2532 2537 2548 2564 2579 2592 2600 2598 2585 2565 2540 2514 2483 2445 2412 2382 2353 2326 2297 2273 2251 2227 2203 2171 2137 2103 2068 2040 2016 1997 1986 1978 1970 1956 1937 1921 1908 1896 1887 1880 1877 1874 1867 1860 1853 1847 1840 1829 1821 1813 1804 1795 1786 1776 1766 1755 1747 1737 1727 1717 1709 1705 1703 1700 1698 1697 1698 1699 1699 1698 1698 1697 1697 1696 1696 1697 1697 1697 1698 1700 1702 1705 1709 1713
2777 2793 2807 2817 2844 2891 2942 2984 3005 3012 3011 2999 2973 2934 2892 2851 2823 2802 2784 2770 2758 2749 2741 2727 2714 2701 2691 2684 2676 2669 2659 2644 2629 2614 2602 2593 2587 2582 2577 2571 2564 2557 2547 2540 2542 2552 2568 2587 2602 2612 2616 2611 2596 2574 2547 2519 2490 2453 2423 2394 2366 2338 2306 2280 2257 2232 2207 2175 2141 2109 2073 2042 2012 1985 1970 1961 1955 1944 1924 1908 1895 1882 1871 1862 1858 1853 1846 1839 1831 1826 1820 1811 1804 1796 1787 1779 1770 1762 1753 1743 1735 1726 1716 1708 1704 1702 1702 1700 1698 1698 1699 1700 1699 1698 1699 1699 1698 1697 1696 1697 1697 1698 1698 1698 1700 1703 1708 1714
2774 2788 2802 2814 2840 2885 2933 2975 3001 3013 3015 3002 2973 2929 2885 2846 2818 2797 2781 2770 2761 2754 2745 2730 2714 2699 2687 2677 2666 2654 2642 2628 2617 2605 2595 2587 2582 2581 2579 2575 2570 2564 2557 2554 2559 2571 2587 2604 2618 2625 2624 2614 2596 2574 2548 2521 2494 2461 2433 2406 2378 2351 2318 2289 2265 2238 2213 2180 2144 2109 2071 2038 2005 1974 1954 1943 1938 1928 1911 1896 1883 1869 1858 1849 1843 1838 1830 1822 1814 1809 1803 1796 1789 1781 1772 1765 1758 1750 1741 1732 1724 1716 1708 1704 1702 1702 1701 1700 1699 1699 1700 1700 1699 1698 1699 1700 1699 1697 1697 1697 1698 1698 1697 1697 1698 1702 1708 1717
2771 2787 2804 2819 2844 2883 2925 2964 2991 3003 3002 2986 2954 2910 2869 2835 2809 2789 2776 2770 2763 2756 2744 2727 2711 2695 2682 2671 2657 2642 2628 2616 2608 2599 2591 2586 2584 2584 2585 2582 2578 2574 2571 2573 2581 2592 2605 2620 2633 2637 2630 2614 2593 2571 2547 2522 2496 2466 2440 2414 2389 2362 2330 2300 2274 2245 2220 2187 2145 2102 2060 2025 1993 1961 1938 1923 1915 1907 1893 1880 1866 1853 1843 1835 1829 1821 1813 1805 1797 1792 1787 1781 1773 1765 1758 1752 1746 1739 1730 1721 1714 1708 1704 1702 1701 1701 1701 1700 1699 1699 1700 1699 1698 1699 1700 1701 1700 1697 1697 1698 1698 1698 1697 1697 1698 1702 1709 1721
2769 2788 2809 2830 2858 2892 2928 2961 2984 2991 2980 2959 2927 2887 2852 2823 2800 2783 2774 2771 2766 2756 2741 2723 2706 2692 2679 2668 2652 2635 2619 2609 2603 2597 2590 2586 2586 2588 2590 2590 2587 2586 2587 2591 2597 2603 2613 2629 2644 2648 2637 2616 2591 2571 2548 2523 2497 2468 2443 2418 2394 2370 2339 2310 2283 2253 2227 2191 2145 2097 2050 2016 1985 1952 1926 1906 1896 1888 1878 1867 1854 1842 1833 1825 1818 1810 1802 1794 1787 1781 1775 1768 1761 1754 1749 1745 1740 1732 1723 1713 1708 1705 1703 1702 1702 1702 1701 1700 1700 1700 1700 1699 1699 1699 1700 1701 1699 1697 1696 1697 1697 1697 1698 1697 1697 1701 1709 1725
2774 2796 2820 2846 2877 2910 2940 2964 2977 2974 2953 2926 2897 2865 2837 2812 2793 2780 2774 2773 2767 2755 2738 2718 2701 2688 2677 2665 2648 2631 2616 2606 2603 2600 2596 2593 2593 2595 2598 2600 2601 2602 2605 2608 2610 2612 2621 2640 2659 2663 2651 2626 2598 2575 2553 2527 2498 2466 2441 2419 2395 2372 2345 2318 2290 2258 2229 2191 2145 2095 2046 2010 1979 1945 1917 1894 1881 1873 1864 1855 1843 1832 1823 1814 1807 1800 1792 1786 1779 1771 1764 1756 1750 1745 1742 1740 1736 1727 1717 1708 1704 1703 1702 1702 1702 1702 1702 1701 1700 1700 1700 1700 1700 1700 1701 1700 1699 1696 1696 1696 1696 1697 1698 1698 1696 1699 1709 1731
2787 2811 2838 2866 2900 2931 2953 2966 2967 2953 2926 2900 2875 2851 2828 2805 2788 2777 2772 2770 2762 2748 2729 2709 2695 2684 2673 2661 2646 2631 2620 2615 2615 2615 2612 2609 2607 2606 2606 2608 2611 2614 2617 2618 2618 2620 2633 2658 2679 2681 2666 2639 2608 2583 2558 2530 2498 2463 2438 2416 2393 2371 2346 2321 2294 2258 2225 2186 2141 2093 2043 2008 1978 1944 1914 1889 1874 1865 1856 1848 1837 1825 1814 1804 1797 1791 1785 1779 1773 1765 1756 1748 1742 1739 1738 1738 1733 1723 1713 1706 1704 1703 1703 1703 1703 1703 1702 1701 1701 1701 1701 1701 1700 1700 1701 1700 1698 1696 1695 1695 1695 1697 1698 1698 1695 1696 1708 1734
2807 2834 2860 2888 2920 2946 2960 2960 2948 2928 2903 2883 2866 2847 2826 2803 2785 2774 2768 2762 2751 2734 2716 2700 2688 2678 2667 2656 2645 2636 2631 2632 2637 2640 2638 2633 2628 2622 2618 2617 2618 2619 2621 2622 2625 2633 2655 2684 2702 2699 2679 2650 2616 2589 2561 2530 2497 2460 2435 2414 2390 2368 2343 2320 2292 2254 2217 2176 2132 2087 2041 2008 1980 1947 1917 1890 1872 1863 1854 1846 1833 1818 1804 1793 1787 1783 1777 1772 1767 1760 1753 1744 1738 1735 1734 1733 1728 1720 1710 1705 1703 1704 1704 1704 1703 1703 1702 1701 1700 1701 1701 1701 1700 1700 1700 1699 1698 1697 1696 1695 1695 1697 1699 1698 1694 1695 1708 1734
2834 2861 2882 2903 2927 2945 2949 2938 2919 2899 2881 2872 2864 2849 2830 2809 2791 2778 2769 2759 2744 2725 2709 2695 2687 2678 2667 2657 2650 2647 2650 2658 2668 2673 2672 2666 2657 2647 2637 2632 2629 2628 2631 2636 2645 2664 2692 2717 2727 2713 2688 2656 2620 2591 2560 2528 2494 2458 2434 2413 2388 2364 2338 2314 2285 2243 2203 2161 2118 2076 2034 2004 1979 1949 1919 1891 1871 1861 1851 1843 1828 1810 1794 1783 1778 1775 1769 1764 1760 1755 1750 1743 1736 1731 1729 1728 1723 1716 1708 1704 1703 1704 1704 1704 1703 1702 1702 1700 1700 1701 1701 1701 1700 1700 1700 1699 1698 1698 1697 1696 1696 1698 1699 1698 1695 1698 1711 1739
2867 2888 2898 2909 2921 2927 2922 2905 2885 2870 2861 2860 2859 2851 2837 2821 2805 2791 2779 2766 2748 2727 2710 2699 2693 2686 2675 2666 2662 2665 2675 2689 2700 2706 2705 2697 2684 2671 2657 2646 2641 2642 2649 2663 2683 2712 2739 2752 2745 2720 2689 2656 2621 2591 2558 2524 2490 2457 2434 2412 2386 2361 2334 2308 2273 2227 2186 2146 2105 2064 2023 1996 1973 1946 1918 1889 1868 1855 1843 1834 1819 1800 1785 1775 1771 1768 1763 1759 1755 1752 1748 1742 1735 1729 1725 1724 1721 1715 1708 1704 1704 1704 1704 1703 1702 1702 1702 1700 1700 1700 1701 1700 1700 1699 1699 1698 1698 1699 1698 1697 1697 1698 1699 1697 1695 1702 1717 1747
2897 2906 2903 2900 2898 2893 2880 2861 2847 2840 2836 2840 2846 2847 2844 2837 2827 2815 2802 2787 2767 2744 2726 2715 2710 2704 2694 2685 2682 2688 2701 2716 2728 2733 2733 2726 2714 2702 2689 2674 2667 2673 2686 2707 2736 2767 2786 2779 2754 2720 2686 2652 2616 2585 2551 2517 2485 2455 2433 2411 2383 2359 2331 2300 2259 2208 2168 2130 2091 2050 2007 1981 1961 1936 1909 1881 1859 1843 1830 1820 1806 1790 1777 1770 1766 1762 1757 1753 1749 1746 1743 1738 1732 1725 1721 1720 1719 1714 1708 1705 1704 1704 1703 1702 1702 1702 1702 1701 1700 1700 1700 1701 1700 1700 1700 1699 1699 1699 1699 1698 1698 1699 1700 1699 1700 1714 1733 1768
2911 2905 2891 2878 2867 2854 2840 2827 2821 2819 2819 2824 2833 2843 2852 2857 2857 2849 2836 2820 2799 2775 2756 2743 2738 2730 2719 2708 2702 2707 2719 2730 2739 2747 2752 2752 2747 2743 2736 2722 2715 2723 2735 2756 2782 2805 2808 2786 2751 2714 2682 2650 2610 2574 2539 2508 2481 2453 2432 2409 2380 2355 2326 2291 2245 2191 2150 2115 2077 2037 1995 1968 1949 1924 1898 1870 1848 1833 1820 1810 1798 1784 1774 1767 1762 1757 1752 1748 1744 1741 1738 1734 1728 1722 1718 1717 1717 1713 1708 1706 1705 1704 1702 1701 1701 1701 1702 1701 1701 1700 1701 1701 1700 1700 1700 1699 1699 1700 1699 1699 1699 1700 1701 1703 1712 1735 1763 1804
2907 2886 2865 2848 2834 2819 2809 2804 2804 2804 2804 2808 2820 2837 2858 2877 2885 2883 2873 2856 2834 2809 2791 2778 2770 2759 2745 2731 2720 2719 2725 2731 2737 2747 2762 2775 2784 2792 2793 2785 2778 2782 2788 2800 2810 2815 2802 2773 2739 2705 2679 2649 2603 2560 2523 2496 2475 2449 2428 2404 2375 2348 2315 2279 2232 2175 2134 2099 2063 2025 1985 1959 1938 1913 1886 1858 1837 1825 1815 1807 1796 1783 1774 1766 1759 1752 1746 1742 1738 1735 1732 1728 1723 1718 1715 1714 1713 1710 1707 1706 1705 1703 1701 1700 1700 1701 1702 1702 1701 1701 1701 1701 1700 1700 1700 1700 1699 1700 1700 1700 1701 1701 1704 1713 1732 1766 1806 1852
2888 2859 2835 2819 2805 2791 2786 2789 2793 2793 2792 2794 2807 2830 2859 2885 2900 2902 2896 2879 2857 2835 2819 2807 2797 2782 2765 2747 2729 2722 2721 2721 2725 2737 2760 2785 2807 2825 2834 2831 2826 2824 2821 2819 2811 2798 2777 2750 2724 2696 2676 2645 2595 2546 2508 2485 2468 2444 2423 2399 2369 2340 2304 2267 2221 2165 2122 2087 2051 2015 1978 1952 1929 1903 1876 1848 1830 1821 1814 1807 1796 1785 1776 1766 1756 1748 1740 1736 1732 1729 1726 1722 1719 1715 1712 1710 1709 1706 1705 1706 1705 1703 1701 1700 1700 1701 1702 1702 1702 1702 1702 1701 1700 1700 1700 1700 1700 1700 1700 1701 1703 1702 1707 1724 1754 1798 1846 1891
2866 2836 2813 2796 2781 2768 2766 2771 2778 2780 2781 2782 2796 2822 2853 2879 2895 2900 2895 2880 2860 2842 2831 2823 2814 2797 2776 2753 2731 2718 2712 2709 2711 2724 2748 2779 2809 2832 2843 2842 2836 2831 2823 2809 2790 2770 2750 2731 2714 2691 2671 2637 2583 2534 2498 2477 2461 2437 2418 2395 2365 2333 2294 2258 2214 2160 2117 2080 2042 2007 1971 1945 1922 1896 1869 1843 1827 1819 1813 1806 1796 1786 1777 1766 1755 1745 1736 1731 1727 1724 1721 1718 1715 1713 1710 1707 1706 1705 1704 1705 1704 1703 1701 1699 1699 1700 1702 1703 1703 1702 1702 1701 1701 1700 1700 1701 1701 1701 1701 1701 1703 1703 1711 1735 1774 1823 1871 1910
2841 2818 2798 2780 2763 2751 2747 2751 2758 2763 2766 2769 2783 2809 2837 2858 2870 2874 2870 2858 2841 2829 2824 2821 2815 2799 2777 2752 2729 2713 2704 2699 2702 2713 2733 2761 2790 2811 2818 2815 2808 2803 2794 2777 2755 2739 2728 2716 2703 2680 2657 2619 2566 2522 2492 2470 2452 2429 2411 2389 2359 2325 2284 2248 2208 2157 2115 2075 2035 1999 1964 1938 1914 1889 1865 1842 1827 1819 1811 1804 1794 1785 1776 1765 1753 1741 1731 1726 1722 1719 1717 1714 1712 1710 1707 1705 1705 1704 1704 1704 1704 1703 1701 1699 1699 1700 1702 1703 1703 1702 1702 1701 1701 1701 1701 1702 1702 1702 1702 1701 1704 1705 1717 1747 1791 1840 1880 1912
2820 2802 2785 2769 2754 2743 2738 2738 2743 2748 2751 2755 2769 2793 2816 2830 2837 2838 2833 2823 2813 2807 2806 2807 2804 2792 2773 2751 2728 2710 2698 2693 2696 2706 2721 2741 2763 2778 2779 2772 2764 2760 2755 2744 2728 2718 2713 2704 2690 2664 2633 2593 2548 2513 2487 2464 2444 2422 2406 2384 2352 2316 2275 2240 2202 2154 2112 2070 2028 1992 1957 1930 1906 1883 1863 1843 1829 1820 1811 1802 1791 1783 1775 1764 1751 1737 1727 1721 1718 1716 1714 1712 1710 1708 1706 1705 1705 1704 1704 1703 1703 1703 1702 1700 1700 1701 1702 1703 1703 1702 1702 1702 1702 1702 1702 1703 1703 1702 1702 1703 1707 1711 1726 1759 1801 1845 1879 1907
2797 2782 2768 2756 2745 2734 2728 2726 2728 2731 2734 2739 2752 2772 2791 2801 2803 2800 2794 2787 2783 2782 2784 2785 2785 2779 2766 2750 2731 2712 2696 2689 2692 2702 2711 2722 2734 2740 2736 2725 2716 2714 2714 2713 2708 2704 2698 2686 2666 2635 2598 2560 2526 2502 2478 2454 2434 2413 2398 2375 2340 2304 2265 2231 2194 2148 2106 2064 2023 1987 1951 1923 1899 1876 1859 1843 1831 1820 1810 1799 1788 1780 1772 1761 1746 1731 1720 1716 1715 1713 1711 1709 1708 1707 1706 1705 1705 1704 1704 1703 1704 1704 1703 1701 1701 1702 1703 1703 1703 1702 1702 1702 1703 1703 1703 1703 1702 1702 1703 1706 1712 1720 1740 1773 1810 1846 1878 1908
2775 2764 2755 2748 2739 2729 2721 2717 2716 2717 2722 2730 2742 2758 2771 2778 2777 2772 2765 2760 2760 2761 2762 2764 2766 2765 2757 2746 2731 2713 2696 2687 2691 2698 2701 2702 2705 2703 2694 2683 2675 2674 2679 2687 2691 2691 2683 2664 2638 2604 2567 2534 2511 2493 2470 2445 2423 2403 2386 2362 2327 2293 2258 2225 2189 2145 2105 2064 2024 1987 1949 1918 1893 1872 1857 1844 1832 1821 1810 1799 1787 1778 1770 1757 1740 1724 1715 1712 1712 1711 1709 1708 1707 1706 1706 1706 1705 1704 1704 1704 1704 1704 1703 1703 1703 1703 1703 1704 1703 1703 1702 1702 1703 1704 1704 1703 1702 1702 1705 1710 1717 1730 1753 1785 1816 1847 1878 1914
2748 2743 2741 2738 2730 2719 2709 2704 2702 2706 2715 2726 2739 2751 2759 2761 2759 2753 2747 2744 2744 2744 2744 2746 2749 2751 2746 2737 2725 2709 2693 2684 2685 2689 2686 2680 2675 2667 2657 2648 2642 2642 2648 2658 2666 2667 2654 2632 2604 2572 2541 2517 2499 2483 2459 2434 2410 2388 2370 2345 2313 2282 2251 2220 2186 2146 2110 2070 2032 1993 1951 1918 1892 1870 1857 1844 1832 1821 1811 1801 1789 1778 1767 1751 1733 1717 1709 1709 1709 1708 1707 1707 1706 1706 1706 1706 1705 1705 1704 1705 1705 1705 1705 1704 1704 1703 1703 1704 1704 1704 1703 1702 1702 1703 1703 1703 1702 1703 1708 1715 1723 1740 1768 1799 1825 1854 1888 1930
2724 2722 2725 2723 2714 2703 2694 2690 2690 2698 2712 2727 2739 2748 2751 2751 2748 2744 2739 2736 2735 2733 2731 2731 2733 2734 2730 2725 2715 2702 2688 2679 2677 2674 2667 2657 2649 2641 2632 2625 2621 2620 2620 2626 2632 2632 2619 2598 2572 2545 2524 2507 2489 2471 2445 2420 2396 2372 2351 2327 2299 2273 2245 2216 2184 2147 2115 2079 2042 2002 1957 1922 1895 1873 1857 1843 1830 1821 1812 1802 1789 1778 1764 1745 1726 1712 1706 1706 1706 1706 1706 1707 1707 1707 1706 1705 1705 1705 1705 1705 1705 1705 1705 1705 1704 1703 1703 1704 1704 1704 1703 1702 1702 1702 1703 1702 1702 1705 1711 1719 1729 1750 1782 1813 1839 1869 1906 1951
2708 2706 2706 2702 2691 2681 2676 2678 2682 2693 2711 2727 2739 2745 2745 2743 2739 2734 2730 2728 2726 2723 2719 2714 2711 2710 2711 2710 2705 2695 2683 2672 2665 2656 2645 2635 2628 2623 2616 2609 2604 2598 2592 2590 2590 2591 2584 2570 2551 2529 2513 2498 2478 2455 2428 2405 2383 2357 2336 2313 2288 2265 2239 2212 2181 2145 2116 2084 2049 2009 1964 1930 1903 1878 1858 1841 1828 1820 1811 1801 1787 1774 1759 1739 1721 1708 1704 1705 1706 1705 1706 1707 1708 1707 1705 1704 1704 1704 1704 1705 1705 1705 1705 1705 1705 1704 1704 1704 1704 1704 1703 1702 1702 1702 1702 1702 1703 1707 1713 1721 1735 1759 1794 1828 1856 1888 1927 1971
2693 2689 2683 2674 2662 2655 2656 2664 2674 2688 2708 2725 2735 2739 2737 2733 2727 2721 2716 2713 2711 2709 2702 2692 2682 2680 2687 2694 2692 2686 2676 2663 2651 2637 2623 2614 2609 2607 2603 2593 2584 2573 2561 2551 2547 2548 2548 2544 2533 2516 2501 2484 2459 2433 2407 2387 2368 2344 2322 2301 2279 2258 2233 2205 2174 2139 2112 2085 2052 2014 1971 1939 1914 1885 1861 1840 1827 1820 1810 1798 1783 1769 1754 1735 1718 1707 1704 1705 1706 1706 1706 1708 1708 1707 1705 1704 1704 1704 1704 1704 1704 1704 1704 1705 1705 1705 1705 1705 1705 1704 1703 1703 1703 1702 1702 1703 1706 1711 1717 1727 1746 1773 1809 1845 1875 1909 1948 1989
2682 2674 2662 2649 2637 2633 2639 2653 2668 2684 2703 2720 2731 2734 2731 2726 2718 2709 2703 2699 2697 2693 2684 2669 2656 2654 2667 2680 2683 2679 2670 2656 2641 2624 2609 2601 2598 2598 2592 2581 2568 2554 2539 2526 2520 2520 2522 2522 2516 2503 2488 2468 2440 2413 2389 2372 2357 2336 2316 2295 2275 2254 2227 2198 2166 2131 2106 2081 2052 2017 1977 1950 1926 1895 1866 1842 1829 1821 1810 1798 1782 1766 1750 1732 1717 1708 1704 1705 1706 1707 1708 1708 1708 1706 1705 1704 1704 1704 1704 1704 1704 1704 1704 1704 1705 1706 1706 1706 1705 1704 1703 1703 1703 1702 1702 1705 1709 1716 1723 1737 1763 1793 1826 1858 1888 1925 1962 1999
2666 2656 2641 2626 2615 2615 2624 2641 2658 2676 2695 2712 2724 2726 2723 2716 2706 2695 2685 2681 2678 2672 2659 2642 2628 2629 2646 2664 2671 2670 2661 2648 2632 2615 2600 2592 2587 2583 2575 2562 2548 2532 2518 2508 2503 2500 2497 2494 2490 2480 2466 2445 2418 2392 2371 2357 2345 2326 2308 2289 2270 2250 2221 2190 2156 2123 2098 2074 2050 2020 1984 1960 1936 1903 1873 1848 1834 1825 1812 1800 1785 1767 1748 1730 1717 1710 1705 1705 1706 1708 1708 1708 1707 1706 1705 1705 1704 1704 1703 1704 1705 1705 1704 1704 1705 1706 1707 1707 1706 1705 1704 1703 1703 1703 1703 1708 1713 1721 1732 1753 1785 1817 1846 1871 1898 1936 1972 2005
2652 2642 2627 2612 2603 2605 2614 2630 2649 2669 2687 2703 2714 2716 2712 2705 2693 2680 2669 2664 2659 2650 2635 2618 2607 2609 2626 2646 2657 2658 2652 2640 2627 2612 2597 2587 2578 2568 2556 2542 2528 2515 2504 2498 2494 2487 2477 2471 2467 2459 2445 2424 2399 2375 2355 2341 2330 2316 2301 2284 2266 2246 2217 2185 2152 2119 2093 2070 2050 2026 1994 1969 1942 1907 1876 1853 1838 1827 1814 1803 1789 1770 1751 1733 1720 1713 1707 1706 1707 1708 1708 1707 1706 1705 1705 1705 1705 1704 1704 1705 1706 1705 1704 1704 1705 1707 1708 1708 1707 1706 1705 1705 1704 1703 1704 1710 1716 1725 1739 1764 1801 1833 1860 1880 1904 1943 1976 2006
2638 2628 2615 2603 2596 2597 2606 2620 2639 2660 2679 2693 2701 2702 2698 2690 2677 2664 2653 2646 2639 2628 2613 2598 2587 2587 2601 2620 2634 2640 2638 2629 2618 2606 2592 2579 2564 2550 2535 2520 2508 2497 2489 2483 2477 2466 2452 2447 2445 2438 2425 2404 2381 2359 2337 2321 2310 2298 2286 2273 2258 2240 2213 2184 2151 2118 2092 2070 2052 2033 2004 1976 1943 1905 1876 1855 1840 1828 1814 1804 1792 1776 1757 1739 1725 1716 1708 1706 1707 1708 1708 1706 1705 1704 1704 1705 1705 1705 1705 1705 1706 1706 1705 1704 1705 1707 1707 1708 1707 1706 1706 1706 1705 1704 1706 1712 1718 1726 1741 1768 1806 1840 1867 1887 1912 1950 1981 2008
2628 2619 2608 2598 2591 2592 2597 2610 2628 2650 2670 2682 2686 2686 2682 2674 2662 2650 2640 2632 2621 2609 2594 2580 2570 2568 2578 2595 2610 2620 2622 2617 2608 2598 2585 2569 2550 2534 2518 2502 2491 2482 2474 2467 2456 2441 2427 2423 2423 2417 2405 2388 2366 2343 2319 2299 2286 2275 2267 2258 2246 2231 2209 2182 2151 2118 2093 2072 2055 2038 2009 1975 1937 1899 1873 1856 1842 1830 1816 1806 1796 1783 1766 1746 1730 1718 1709 1707 1707 1707 1707 1706 1704 1703 1703 1704 1706 1706 1706 1706 1706 1706 1705 1705 1705 1706 1707 1707 1707 1707 1707 1707 1707 1706 1707 1713 1718 1727 1742 1768 1803 1838 1869 1894 1922 1960 1989 2016
2627 2617 2606 2594 2587 2585 2589 2601 2619 2641 2661 2670 2672 2671 2667 2660 2650 2640 2631 2622 2609 2594 2578 2565 2556 2554 2561 2575 2590 2603 2609 2606 2599 2590 2578 2562 2541 2523 2508 2493 2481 2471 2462 2451 2436 2419 2405 2401 2401 2397 2388 2373 2352 2328 2301 2278 2263 2253 2249 2243 2234 2223 2204 2179 2148 2117 2095 2076 2057 2036 2003 1966 1928 1893 1872 1857 1845 1833 1820 1810 1800 1789 1775 1754 1734 1720 1710 1707 1707 1707 1705 1705 1704 1703 1703 1704 1706 1707 1707 1707 1706 1706 1705 1705 1705 1706 1707 1707 1706 1707 1707 1707 1707 1707 1709 1714 1719 1729 1743 1766 1800 1833 1868 1901 1935 1974 2002 2029
2625 2614 2599 2585 2576 2575 2579 2591 2608 2629 2646 2655 2657 2656 2654 2649 2642 2634 2625 2616 2601 2583 2565 2549 2539 2538 2545 2558 2572 2585 2592 2589 2582 2573 2563 2549 2530 2515 2501 2486 2473 2459 2446 2430 2411 2393 2380 2374 2374 2370 2364 2352 2332 2308 2281 2257 2240 2230 2226 2222 2216 2208 2192 2166 2135 2107 2089 2072 2050 2022 1986 1949 1916 1889 1873 1859 1848 1839 1827 1816 1804 1794 1780 1757 1736 1719 1710 1708 1708 1707 1705 1704 1704 1704 1704 1704 1706 1706 1707 1707 1707 1706 1705 1705 1706 1707 1707 1707 1707 1706 1707 1707 1707 1709 1712 1716 1722 1735 1748 1768 1799 1831 1869 1908 1948 1990 2018 2046
2621 2606 2588 2572 2564 2565 2572 2584 2600 2617 2631 2639 2644 2646 2647 2644 2639 2633 2624 2614 2598 2580 2559 2538 2525 2523 2533 2547 2560 2571 2575 2571 2562 2553 2544 2534 2520 2509 2497 2482 2468 2450 2431 2410 2388 2371 2358 2351 2349 2347 2343 2332 2314 2292 2268 2246 2228 2213 2205 2201 2199 2194 2177 2149 2119 2093 2077 2057 2031 2000 1963 1931 1905 1886 1873 1861 1852 1844 1833 1821 1808 1798 1782 1756 1733 1717 1709 1709 1709 1707 1705 1705 1705 1705 1705 1705 1705 1706 1706 1707 1707 1706 1705 1705 1706 1707 1707 1708 1707 1707 1708 1708 1709 1711 1714 1719 1728 1742 1755 1773 1801 1832 1870 1912 1954 1997 2028 2060
2607 2589 2568 2553 2548 2553 2565 2577 2589 2601 2612 2621 2629 2636 2640 2639 2636 2630 2621 2610 2595 2577 2553 2527 2508 2503 2514 2531 2544 2551 2550 2543 2533 2524 2517 2511 2502 2496 2486 2471 2455 2435 2412 2387 2362 2345 2331 2322 2319 2316 2313 2303 2288 2271 2252 2234 2215 2194 2179 2173 2173 2169 2151 2123 2094 2072 2053 2028 2000 1970 1938 1913 1894 1881 1872 1861 1853 1846 1836 1824 1810 1798 1779 1750 1726 1712 1708 1710 1710 1709 1706 1706 1706 1706 1707 1706 1706 1705 1706 1707 1707 1707 1706 1706 1707 1707 1708 1709 1709 1708 1709 1711 1713 1713 1717 1725 1736 1751 1764 1780 1807 1837 1874 1914 1953 1995 2030 2067
2589 2570 2550 2538 2537 2544 2557 2570 2579 2586 2595 2605 2616 2627 2633 2635 2634 2630 2621 2610 2594 2575 2550 2520 2494 2484 2493 2512 2524 2528 2522 2513 2502 2492 2486 2483 2481 2478 2470 2455 2440 2419 2393 2366 2341 2322 2308 2297 2290 2284 2278 2269 2257 2245 2232 2218 2199 2173 2152 2141 2140 2137 2119 2092 2067 2045 2024 1996 1968 1943 1918 1900 1886 1876 1868 1858 1851 1843 1834 1824 1810 1796 1774 1742 1718 1708 1707 1711 1711 1710 1708 1707 1707 1707 1708 1707 1706 1706 1706 1707 1708 1707 1707 1707 1708 1708 1708 1709 1709 1709 1712 1714 1716 1716 1720 1731 1745 1760 1772 1787 1812 1840 1876 1912 1946 1987 2025 2066
2572 2553 2537 2529 2530 2536 2548 2560 2567 2571 2579 2589 2602 2614 2622 2627 2629 2628 2620 2607 2590 2569 2544 2512 2482 2464 2468 2483 2495 2497 2490 2481 2469 2458 2451 2450 2452 2452 2446 2433 2419 2399 2373 2345 2320 2301 2285 2271 2259 2247 2237 2227 2218 2211 2203 2192 2173 2145 2119 2103 2100 2097 2080 2059 2036 2015 1993 1966 1942 1922 1904 1890 1878 1868 1861 1852 1843 1835 1827 1819 1806 1790 1766 1735 1713 1706 1707 1711 1710 1710 1709 1708 1707 1708 1709 1709 1708 1707 1707 1708 1708 1708 1708 1708 1709 1709 1709 1710 1709 1710 1714 1717 1719 1719 1724 1737 1753 1768 1779 1792 1813 1840 1874 1907 1939 1978 2018 2060
2557 2541 2530 2525 2526 2529 2536 2546 2552 2556 2564 2575 2588 2599 2607 2613 2617 2617 2610 2596 2577 2556 2532 2503 2471 2448 2442 2452 2460 2462 2456 2448 2437 2426 2419 2420 2422 2421 2415 2404 2392 2374 2350 2325 2300 2280 2263 2245 2229 2211 2197 2186 2176 2171 2164 2154 2136 2111 2086 2068 2059 2054 2041 2026 2007 1987 1966 1943 1923 1908 1894 1882 1870 1860 1852 1843 1833 1825 1818 1811 1798 1780 1755 1728 1710 1706 1708 1710 1710 1710 1710 1708 1708 1709 1709 1709 1709 1708 1708 1709 1709 1709 1709 1710 1710 1710 1710 1709 1709 1710 1715 1719 1719 1720 1728 1744 1761 1776 1785 1795 1813 1839 1873 1904 1934 1971 2010 2051
2545 2532 2524 2521 2520 2520 2523 2531 2537 2544 2553 2564 2576 2586 2593 2598 2600 2598 2590 2576 2557 2538 2517 2491 2462 2437 2425 2426 2429 2429 2425 2419 2410 2401 2398 2399 2398 2393 2385 2375 2364 2348 2328 2306 2283 2263 2242 2223 2204 2184 2168 2153 2142 2133 2123 2112 2098 2079 2060 2043 2030 2021 2010 1999 1985 1968 1950 1930 1913 1899 1887 1875 1864 1854 1846 1836 1824 1817 1812 1805 1788 1765 1741 1720 1709 1706 1708 1710 1709 1710 1710 1708 1708 1709 1709 1709 1710 1710 1710 1709 1709 1709 1709 1710 1711 1711 1710 1710 1709 1711 1715 1718 1718 1721 1732 1749 1768 1782 1790 1798 1815 1842 1875 1904 1932 1968 2003 2040
2537 2527 2520 2516 2512 2509 2509 2514 2520 2528 2539 2549 2559 2568 2574 2575 2572 2566 2556 2543 2527 2511 2495 2473 2450 2427 2411 2403 2399 2398 2394 2389 2383 2379 2380 2381 2375 2366 2354 2344 2334 2319 2302 2283 2263 2242 2220 2199 2181 2162 2144 2128 2113 2099 2084 2070 2059 2049 2037 2023 2008 1996 1984 1974 1965 1953 1939 1921 1904 1890 1876 1865 1856 1848 1841 1829 1817 1810 1806 1796 1775 1748 1725 1712 1707 1707 1708 1709 1709 1710 1710 1709 1709 1709 1709 1710 1711 1712 1711 1710 1709 1710 1710 1710 1711 1712 1711 1710 1710 1712 1714 1716 1716 1721 1735 1754 1773 1788 1795 1802 1820 1848 1881 1910 1936 1971 2000 2033
2534 2526 2520 2514 2508 2502 2499 2500 2504 2512 2524 2534 2542 2549 2552 2549 2541 2530 2519 2508 2496 2485 2473 2457 2439 2420 2403 2389 2379 2374 2370 2365 2362 2362 2365 2365 2356 2344 2332 2321 2311 2297 2281 2264 2245 2224 2202 2182 2165 2147 2130 2113 2096 2080 2061 2044 2033 2024 2017 2007 1993 1979 1966 1956 1949 1939 1928 1913 1897 1881 1867 1857 1849 1842 1835 1824 1812 1804 1798 1785 1760 1731 1713 1708 1708 1708 1708 1708 1709 1710 1710 1709 1709 1710 1710 1710 1712 1712 1712 1710 1709 1710 1710 1710 1711 1712 1711 1711 1711 1712 1714 1715 1717 1723 1737 1756 1775 1790 1798 1806 1826 1855 1890 1919 1945 1978 2003 2032
2533 2527 2521 2514 2506 2498 2492 2487 2487 2492 2502 2511 2519 2523 2523 2516 2505 2492 2480 2471 2463 2457 2450 2438 2425 2409 2392 2376 2361 2353 2347 2342 2340 2341 2344 2343 2334 2323 2311 2301 2291 2277 2261 2244 2224 2205 2184 2165 2149 2131 2115 2100 2085 2070 2052 2033 2017 2005 1997 1988 1977 1964 1951 1940 1931 1921 1912 1898 1884 1869 1855 1846 1839 1834 1827 1816 1805 1795 1785 1768 1743 1716 1704 1706 1709 1709 1708 1708 1709 1710 1710 1710 1710 1710 1711 1712 1713 1713 1712 1710 1710 1710 1710 1711 1712 1712 1711 1711 1711 1712 1713 1716 1721 1728 1740 1757 1774 1789 1799 1811 1833 1863 1898 1927 1954 1986 2010 2036
2534 2529 2522 2515 2504 2495 2487 2478 2473 2474 2480 2488 2494 2497 2494 2485 2473 2460 2448 2441 2437 2434 2430 2421 2410 2397 2381 2365 2349 2338 2330 2323 2321 2322 2323 2321 2315 2307 2298 2288 2277 2261 2243 2225 2206 2189 2172 2154 2138 2120 2104 2090 2077 2066 2050 2032 2014 1998 1988 1980 1971 1960 1945 1930 1918 1907 1897 1885 1871 1858 1845 1837 1831 1825 1818 1807 1796 1784 1769 1751 1728 1708 1702 1706 1710 1709 1709 1709 1709 1710 1710 1711 1711 1711 1712 1713 1713 1712 1711 1711 1710 1710 1711 1711 1712 1712 1712 1712 1712 1712 1714 1718 1727 1734 1743 1756 1771 1786 1799 1814 1837 1866 1900 1931 1959 1992 2017 2041
2536 2531 2522 2513 2502 2491 2481 2470 2463 2461 2460 2464 2469 2470 2467 2458 2447 2435 2425 2418 2414 2413 2411 2404 2394 2381 2366 2352 2337 2325 2315 2307 2304 2304 2304 2302 2298 2293 2287 2279 2266 2247 2227 2209 2191 2178 2164 2147 2130 2112 2095 2080 2067 2058 2047 2033 2017 2001 1991 1982 1974 1963 1946 1927 1910 1896 1887 1875 1862 1848 1837 1829 1823 1816 1808 1796 1783 1769 1753 1736 1719 1706 1703 1707 1709 1710 1710 1710 1709 1710 1710 1711 1712 1712 1713 1713 1712 1712 1712 1711 1711 1711 1711 1712 1713 1713 1712 1713 1712 1713 1715 1721 1732 1740 1746 1756 1768 1783 1798 1814 1837 1863 1896 1928 1959 1993 2019 2043
2543 2535 2522 2510 2498 2486 2475 2463 2456 2450 2444 2443 2445 2446 2443 2435 2426 2416 2407 2400 2395 2393 2392 2385 2375 2362 2349 2337 2323 2312 2302 2293 2288 2287 2286 2284 2282 2280 2275 2267 2252 2231 2210 2194 2180 2170 2158 2141 2124 2106 2089 2072 2060 2053 2046 2038 2027 2013 2002 1992 1983 1971 1952 1930 1909 1893 1882 1871 1856 1841 1829 1821 1815 1807 1797 1783 1769 1755 1739 1725 1715 1708 1706 1707 1708 1710 1710 1710 1709 1709 1710 1712 1713 1714 1714 1713 1712 1712 1713 1712 1712 1712 1712 1713 1713 1714 1714 1713 1713 1714 1715 1723 1735 1744 1749 1757 1767 1782 1797 1813 1833 1856 1887 1918 1951 1986 2014 2039
2557 2542 2521 2507 2495 2483 2471 2459 2450 2443 2434 2429 2428 2428 2425 2418 2411 2403 2395 2387 2380 2376 2373 2367 2358 2346 2335 2323 2311 2301 2293 2283 2277 2274 2272 2270 2269 2266 2261 2251 2236 2216 2196 2181 2170 2162 2150 2135 2119 2103 2086 2071 2061 2058 2055 2052 2044 2031 2017 2004 1992 1980 1962 1940 1917 1898 1886 1873 1855 1837 1822 1813 1807 1801 1790 1774 1759 1745 1731 1721 1714 1709 1708 1707 1708 1709 1710 1710 1710 1710 1711 1713 1714 1715 1715 1714 1713 1713 1714 1714 1713 1713 1713 1714 1714 1715 1715 1714 1714 1714 1715 1721 1733 1743 1751 1760 1769 1782 1796 1811 1829 1850 1878 1908 1938 1971 2001 2031
2575 2552 2524 2505 2494 2482 2470 2457 2446 2436 2426 2419 2414 2411 2409 2402 2395 2388 2381 2372 2363 2357 2353 2346 2340 2330 2320 2308 2297 2289 2283 2275 2269 2265 2261 2259 2257 2253 2245 2234 2220 2204 2188 2175 2165 2157 2146 2133 2120 2105 2091 2080 2074 2072 2070 2069 2062 2046 2027 2010 1995 1984 1968 1949 1926 1904 1890 1875 1854 1832 1813 1802 1798 1794 1784 1767 1752 1740 1730 1721 1714 1709 1708 1708 1708 1708 1709 1709 1709 1710 1711 1713 1715 1716 1717 1718 1717 1716 1716 1715 1714 1715 1715 1715 1715 1715 1715 1715 1715 1715 1715 1718 1728 1741 1753 1764 1773 1784 1796 1810 1826 1845 1872 1899 1924 1953 1983 2017
2590 2561 2529 2508 2496 2484 2472 2458 2445 2434 2422 2412 2404 2400 2397 2391 2384 2377 2369 2360 2350 2341 2336 2331 2325 2317 2307 2296 2285 2279 2275 2269 2264 2259 2255 2253 2250 2245 2236 2225 2214 2202 2190 2179 2169 2161 2151 2141 2131 2120 2110 2103 2099 2095 2090 2085 2075 2055 2033 2012 1995 1984 1969 1953 1933 1910 1893 1875 1851 1827 1806 1795 1791 1787 1779 1763 1749 1740 1732 1724 1716 1710 1708 1709 1709 1708 1708 1708 1709 1710 1712 1713 1715 1717 1720 1722 1722 1720 1718 1716 1715 1715 1716 1716 1716 1716 1715 1714 1714 1715 1714 1716 1725 1738 1753 1766 1776 1787 1798 1810 1824 1843 1868 1893 1914 1939 1969 2006
2598 2568 2536 2514 2500 2488 2476 2461 2447 2434 2420 2408 2397 2391 2387 2381 2373 2366 2357 2348 2338 2329 2323 2319 2314 2305 2296 2287 2278 2272 2268 2265 2261 2257 2255 2253 2249 2243 2235 2227 2220 2213 2203 2194 2184 2176 2168 2160 2153 2145 2139 2135 2130 2121 2108 2095 2079 2056 2031 2008 1990 1977 1962 1948 1931 1909 1888 1865 1841 1818 1798 1789 1785 1780 1771 1758 1747 1739 1733 1726 1718 1713 1711 1711 1710 1709 1708 1708 1708 1710 1711 1712 1714 1719 1724 1727 1727 1724 1720 1717 1715 1716 1716 1716 1716 1716 1715 1714 1714 1715 1716 1719 1727 1739 1753 1766 1777 1789 1799 1810 1823 1841 1866 1890 1909 1932 1960 1996
2595 2568 2541 2521 2505 2492 2480 2465 2451 2437 2422 2408 2396 2388 2383 2375 2367 2358 2351 2343 2334 2325 2319 2315 2307 2297 2288 2281 2273 2268 2266 2265 2265 2264 2264 2263 2260 2254 2247 2241 2238 2234 2227 2219 2210 2201 2192 2186 2181 2175 2170 2165 2154 2138 2117 2096 2075 2048 2022 1999 1981 1966 1950 1937 1922 1901 1877 1851 1828 1809 1792 1783 1778 1771 1763 1754 1746 1740 1734 1728 1721 1716 1714 1713 1712 1711 1709 1708 1708 1710 1710 1710 1713 1719 1726 1731 1732 1728 1722 1718 1716 1716 1717 1717 1717 1716 1714 1714 1715 1718 1722 1726 1733 1743 1755 1765 1776 1789 1800 1809 1821 1839 1863 1887 1907 1929 1955 1986
2584 2562 2542 2525 2510 2495 2482 2468 2456 2443 2428 2414 2400 2389 2382 2374 2365 2356 2350 2346 2340 2331 2323 2316 2306 2293 2283 2276 2269 2266 2268 2273 2276 2279 2281 2282 2279 2273 2267 2262 2260 2258 2256 2250 2241 2229 2218 2212 2208 2202 2194 2182 2163 2141 2115 2091 2066 2035 2009 1988 1969 1955 1938 1925 1910 1888 1863 1835 1815 1800 1786 1777 1770 1762 1756 1750 1745 1741 1736 1730 1724 1719 1717 1715 1713 1712 1710 1709 1709 1710 1710 1709 1711 1718 1725 1732 1734 1730 1724 1719 1716 1717 1717 1718 1717 1716 1715 1716 1719 1725 1731 1735 1742 1750 1759 1767 1776 1788 1797 1806 1818 1835 1858 1881 1903 1926 1949 1975
2568 2552 2539 2527 2513 2499 2486 2474 2464 2453 2440 2426 2412 2400 2391 2382 2373 2364 2359 2358 2353 2345 2334 2322 2310 2297 2287 2280 2275 2275 2280 2287 2294 2299 2303 2305 2302 2296 2289 2285 2283 2282 2282 2278 2268 2253 2240 2232 2228 2218 2204 2183 2157 2131 2103 2079 2053 2020 1995 1976 1958 1944 1926 1912 1895 1871 1845 1820 1802 1790 1778 1768 1760 1753 1749 1746 1744 1740 1736 1731 1725 1721 1719 1716 1714 1712 1711 1710 1710 1710 1710 1709 1711 1716 1724 1730 1733 1731 1725 1719 1717 1717 1718 1718 1718 1717 1717 1719 1725 1733 1740 1744 1750 1758 1765 1770 1776 1786 1794 1802 1814 1829 1851 1874 1896 1919 1940 1961
2554 2543 2535 2528 2517 2506 2495 2484 2476 2467 2455 2443 2430 2419 2410 2400 2392 2383 2376 2372 2368 2360 2347 2333 2319 2308 2301 2296 2293 2294 2299 2305 2312 2318 2322 2323 2320 2313 2305 2300 2299 2298 2299 2295 2284 2268 2254 2244 2236 2221 2201 2176 2147 2119 2090 2064 2038 2006 1984 1967 1951 1935 1915 1898 1879 1854 1830 1807 1792 1781 1769 1759 1750 1744 1743 1742 1741 1739 1735 1730 1725 1722 1719 1717 1715 1713 1711 1711 1711 1711 1710 1709 1711 1716 1723 1729 1732 1730 1724 1719 1717 1718 1719 1719 1719 1718 1719 1723 1729 1737 1743 1749 1756 1764 1770 1774 1778 1785 1792 1800 1811 1826 1846 1868 1889 1910 1928 1948
2546 2538 2532 2528 2522 2515 2507 2499 2492 2484 2473 2463 2453 2444 2435 2426 2418 2409 2397 2389 2382 2374 2361 2346 2334 2327 2324 2324 2324 2324 2325 2328 2331 2335 2337 2336 2330 2322 2314 2310 2308 2307 2307 2302 2289 2274 2259 2247 2233 2212 2189 2164 2137 2110 2079 2052 2024 1995 1976 1961 1944 1926 1904 1885 1864 1838 1815 1796 1782 1772 1759 1748 1740 1735 1736 1738 1737 1735 1732 1728 1724 1721 1719 1717 1715 1713 1712 1711 1712 1712 1711 1711 1713 1718 1724 1729 1730 1727 1722 1718 1717 1719 1719 1719 1719 1719 1720 1725 1731 1736 1742 1749 1758 1767 1773 1777 1780 1786 1791 1799 1810 1824 1843 1865 1882 1897 1913 1932
2545 2537 2530 2527 2524 2521 2518 2513 2508 2500 2489 2480 2472 2465 2457 2449 2442 2432 2417 2404 2394 2385 2374 2360 2352 2350 2351 2353 2353 2352 2350 2349 2347 2346 2345 2342 2335 2327 2321 2317 2317 2316 2312 2302 2286 2271 2257 2242 2224 2199 2175 2152 2128 2104 2074 2045 2017 1988 1970 1956 1938 1918 1894 1874 1853 1828 1806 1787 1773 1763 1751 1741 1733 1730 1732 1734 1734 1732 1729 1726 1723 1720 1718 1716 1714 1713 1712 1712 1712 1713 1712 1712 1714 1718 1723 1726 1726 1723 1719 1717 1717 1719 1719 1719 1720 1720 1721 1725 1729 1734 1741 1750 1759 1767 1774 1779 1783 1787 1791 1797 1809 1825 1845 1865 1878 1889 1902 1922
2549 2541 2532 2527 2525 2525 2526 2526 2523 2515 2502 2492 2486 2479 2473 2466 2459 2449 2434 2419 2407 2396 2386 2375 2371 2373 2376 2378 2378 2377 2374 2369 2363 2356 2350 2345 2339 2332 2329 2328 2330 2327 2318 2303 2283 2267 2253 2235 2215 2189 2164 2142 2122 2102 2074 2044 2015 1985 1965 1948 1927 1906 1883 1864 1844 1819 1796 1777 1763 1754 1745 1737 1729 1727 1728 1731 1731 1730 1727 1724 1722 1719 1717 1714 1713 1712 1712 1712 1712 1713 1713 1713 1714 1718 1721 1721 1720 1718 1716 1716 1718 1719 1719 1719 1720 1721 1721 1722 1725 1733 1742 1751 1758 1765 1771 1778 1784 1789 1791 1795 1807 1826 1849 1867 1876 1884 1895 1913
2552 2544 2534 2527 2526 2527 2532 2534 2533 2524 2510 2499 2491 2484 2479 2473 2466 2456 2443 2430 2417 2405 2395 2388 2387 2390 2393 2395 2394 2394 2392 2386 2377 2366 2356 2349 2342 2338 2336 2337 2339 2334 2321 2301 2279 2263 2248 2230 2210 2184 2158 2136 2118 2101 2076 2049 2019 1986 1960 1939 1916 1896 1874 1856 1836 1811 1788 1768 1754 1747 1741 1734 1728 1726 1727 1728 1729 1727 1725 1722 1721 1719 1716 1713 1711 1711 1712 1712 1712 1713 1713 1713 1714 1716 1717 1717 1716 1715 1716 1717 1718 1719 1719 1719 1720 1721 1721 1720 1722 1731 1743 1752 1757 1762 1769 1777 1785 1791 1793 1796 1807 1828 1852 1868 1875 1881 1891 1907
2553 2544 2534 2528 2529 2531 2536 2538 2537 2528 2515 2502 2492 2484 2478 2473 2467 2458 2447 2436 2425 2413 2403 2397 2397 2400 2402 2404 2405 2406 2405 2399 2389 2377 2366 2357 2349 2343 2342 2342 2342 2334 2318 2296 2275 2259 2245 2228 2210 2184 2156 2131 2112 2098 2077 2054 2026 1990 1958 1930 1906 1887 1866 1846 1825 1801 1780 1761 1748 1741 1736 1731 1727 1725 1726 1726 1726 1725 1722 1721 1720 1718 1715 1712 1710 1711 1712 1712 1712 1713 1713 1713 1713 1714 1715 1716 1716 1716 1717 1718 1719 1719 1719 1719 1720 1722 1722 1720 1722 1730 1741 1750 1756 1761 1768 1775 1784 1792 1795 1798 1809 1829 1851 1864 1870 1878 1887 1900
2554 2546 2538 2536 2537 2540 2543 2542 2539 2532 2520 2507 2495 2484 2478 2472 2466 2458 2449 2441 2431 2421 2412 2406 2404 2405 2406 2409 2411 2414 2414 2409 2400 2389 2375 2363 2352 2345 2340 2338 2335 2324 2307 2286 2268 2254 2240 2226 2210 2184 2153 2126 2107 2093 2076 2057 2031 1994 1956 1922 1898 1881 1860 1837 1812 1789 1771 1755 1744 1737 1732 1729 1726 1726 1726 1725 1723 1722 1720 1719 1718 1718 1715 1711 1710 1711 1711 1712 1712 1713 1713 1713 1713 1713 1715 1717 1719 1721 1722 1721 1721 1722 1722 1721 1721 1723 1723 1723 1723 1729 1738 1747 1754 1760 1767 1774 1782 1791 1797 1802 1812 1827 1844 1855 1862 1870 1879 1890
2557 2552 2549 2549 2551 2552 2551 2548 2543 2537 2527 2515 2500 2488 2480 2472 2465 2456 2448 2442 2435 2428 2420 2413 2410 2409 2409 2411 2414 2417 2418 2414 2407 2395 2378 2362 2348 2337 2329 2323 2318 2307 2291 2274 2260 2247 2232 2219 2203 2177 2148 2122 2102 2089 2073 2055 2030 1994 1955 1920 1895 1879 1858 1832 1804 1781 1765 1752 1742 1736 1731 1729 1728 1727 1726 1724 1722 1720 1718 1718 1718 1717 1715 1712 1711 1711 1711 1712 1712 1712 1713 1712 1713 1714 1716 1720 1724 1726 1727 1727 1727 1727 1726 1724 1723 1724 1724 1724 1724 1727 1734 1742 1751 1757 1764 1771 1780 1790 1798 1804 1813 1824 1836 1845 1852 1862 1871 1881
2571 2568 2569 2570 2570 2569 2566 2560 2554 2547 2538 2528 2514 2502 2492 2480 2469 2459 2451 2445 2440 2436 2431 2424 2419 2416 2415 2415 2417 2419 2419 2416 2408 2393 2372 2352 2334 2320 2308 2299 2292 2282 2270 2258 2247 2234 2219 2205 2187 2161 2137 2116 2098 2085 2069 2050 2024 1990 1954 1920 1895 1878 1855 1826 1796 1773 1759 1749 1741 1735 1731 1730 1730 1729 1726 1722 1719 1718 1717 1717 1717 1716 1715 1713 1712 1712 1712 1712 1712 1713 1713 1713 1714 1717 1720 1724 1728 1731 1732 1734 1736 1736 1734 1730 1728 1726 1725 1725 1724 1726 1730 1738 1746 1753 1759 1768 1778 1788 1796 1802 1810 1818 1827 1835 1842 1850 1860 1870
2600 2596 2595 2595 2593 2589 2583 2575 2567 2559 2551 2542 2531 2520 2507 2491 2477 2466 2457 2450 2446 2443 2439 2433 2427 2422 2418 2417 2415 2416 2416 2413 2403 2383 2358 2334 2314 2299 2286 2274 2267 2259 2252 2244 2234 2221 2205 2188 2169 2145 2126 2111 2094 2082 2065 2044 2018 1986 1954 1922 1894 1873 1848 1820 1791 1768 1755 1747 1741 1736 1734 1733 1733 1730 1725 1720 1718 1717 1716 1716 1716 1716 1715 1714 1713 1712 1712 1712 1712 1713 1713 1712 1714 1717 1721 1726 1731 1735 1739 1742 1745 1746 1743 1738 1733 1728 1725 1724 1724 1725 1729 1735 1744 1750 1757 1766 1776 1784 1791 1797 1804 1811 1818 1826 1833 1841 1850 1862
2641 2632 2625 2620 2616 2610 2601 2590 2581 2572 2563 2556 2547 2538 2523 2503 2487 2475 2466 2460 2453 2450 2447 2441 2434 2426 2420 2415 2410 2410 2410 2405 2391 2366 2338 2313 2293 2278 2265 2253 2246 2240 2236 2230 2219 2206 2190 2172 2153 2132 2118 2106 2092 2079 2061 2039 2014 1984 1955 1923 1890 1863 1836 1809 1783 1762 1750 1743 1739 1738 1737 1736 1733 1728 1722 1718 1716 1715 1715 1716 1715 1715 1715 1714 1713 1712 1712 1712 1713 1714 1713 1713 1714 1717 1722 1727 1734 1741 1747 1751 1754 1755 1752 1746 1739 1731 1726 1725 1725 1726 1729 1734 1742 1749 1756 1765 1773 1779 1783 1788 1796 1803 1810 1818 1825 1834 1843 1855
2675 2660 2645 2636 2630 2623 2613 2601 2591 2582 2573 2566 2560 2551 2535 2514 2497 2486 2477 2471 2463 2458 2454 2448 2439 2428 2419 2411 2403 2402 2402 2394 2376 2347 2318 2294 2274 2261 2248 2237 2231 2226 2223 2217 2204 2191 2176 2158 2141 2124 2112 2102 2089 2076 2058 2037 2014 1986 1957 1923 1886 1853 1822 1796 1775 1757 1747 1740 1738 1739 1738 1736 1731 1725 1719 1715 1713 1714 1714 1714 1715 1715 1715 1715 1715 1715 1717 1718 1719 1719 1717 1717 1717 1719 1724 1729 1737 1745 1753 1758 1761 1763 1761 1756 1746 1736 1728 1725 1726 1728 1730 1734 1741 1748 1755 1764 1770 1775 1777 1781 1787 1795 1804 1812 1819 1828 1838 1850
2691 2669 2648 2638 2633 2625 2616 2604 2595 2587 2578 2572 2565 2557 2542 2521 2504 2494 2487 2481 2473 2467 2460 2451 2440 2427 2416 2406 2396 2394 2393 2382 2362 2331 2301 2278 2260 2246 2234 2224 2219 2216 2212 2204 2191 2178 2165 2149 2134 2119 2109 2099 2087 2074 2057 2038 2018 1991 1962 1925 1886 1849 1812 1785 1767 1753 1745 1739 1738 1738 1736 1733 1728 1722 1717 1713 1712 1712 1712 1713 1714 1715 1715 1717 1721 1725 1729 1732 1731 1729 1726 1724 1723 1725 1730 1735 1741 1749 1756 1762 1766 1770 1771 1766 1755 1741 1730 1726 1727 1728 1730 1733 1739 1746 1754 1762 1768 1773 1775 1777 1782 1790 1798 1806 1813 1823 1834 1846
2686 2662 2640 2630 2625 2619 2610 2600 2592 2585 2578 2571 2563 2553 2539 2521 2506 2497 2490 2487 2481 2474 2465 2453 2439 2424 2412 2401 2391 2387 2383 2371 2349 2318 2290 2268 2250 2235 2222 2213 2209 2205 2199 2190 2177 2165 2153 2140 2127 2115 2106 2097 2085 2072 2056 2039 2021 1995 1964 1926 1887 1846 1803 1775 1761 1751 1745 1740 1737 1734 1730 1727 1723 1719 1715 1712 1710 1711 1712 1713 1715 1716 1718 1724 1733 1742 1749 1751 1749 1745 1740 1736 1735 1736 1740 1743 1747 1751 1757 1763 1769 1774 1778 1775 1762 1746 1734 1729 1729 1728 1729 1731 1735 1741 1749 1757 1765 1771 1773 1775 1779 1785 1793 1800 1808 1818 1829 1841
2672 2650 2630 2620 2615 2608 2600 2592 2584 2578 2570 2563 2553 2543 2529 2513 2500 2492 2488 2488 2484 2478 2468 2454 2438 2422 2409 2398 2388 2384 2379 2364 2341 2310 2284 2264 2245 2228 2214 2205 2202 2197 2189 2178 2164 2153 2143 2131 2121 2112 2104 2095 2084 2073 2059 2042 2022 1994 1963 1926 1886 1843 1797 1769 1757 1750 1745 1739 1733 1729 1724 1721 1719 1717 1714 1711 1710 1711 1713 1714 1715 1718 1724 1735 1749 1761 1768 1769 1766 1761 1756 1750 1747 1746 1747 1749 1751 1753 1756 1762 1769 1774 1779 1777 1766 1751 1739 1733 1731 1728 1728 1729 1731 1735 1742 1750 1759 1768 1772 1773 1776 1780 1788 1796 1804 1814 1824 1835
2658 2640 2625 2616 2608 2599 2591 2583 2575 2568 2559 2551 2540 2529 2516 2500 2488 2482 2480 2481 2480 2475 2465 2451 2436 2419 2404 2393 2384 2380 2373 2357 2332 2303 2278 2259 2239 2220 2204 2195 2192 2186 2177 2164 2150 2139 2130 2119 2112 2106 2100 2093 2082 2073 2060 2042 2017 1984 1954 1920 1879 1834 1790 1765 1757 1750 1746 1739 1731 1724 1720 1717 1716 1715 1714 1712 1712 1714 1717 1717 1718 1723 1734 1751 1768 1780 1786 1784 1780 1777 1773 1768 1762 1757 1755 1754 1755 1755 1757 1762 1767 1771 1775 1774 1767 1756 1745 1739 1735 1731 1728 1727 1728 1729 1734 1741 1751 1762 1767 1768 1770 1774 1782 1792 1801 1811 1818 1826
2645 2632 2623 2615 2606 2596 2588 2578 2569 2560 2551 2541 2530 2518 2503 2487 2475 2469 2468 2470 2469 2465 2457 2444 2430 2414 2398 2387 2379 2374 2366 2350 2327 2299 2276 2257 2237 2217 2200 2189 2183 2175 2166 2153 2139 2130 2121 2111 2104 2100 2096 2091 2083 2076 2062 2040 2009 1971 1940 1907 1866 1823 1784 1764 1757 1751 1747 1740 1731 1724 1719 1717 1715 1714 1713 1712 1713 1715 1719 1721 1724 1734 1749 1768 1784 1792 1794 1791 1789 1788 1788 1784 1778 1770 1764 1761 1760 1759 1759 1761 1764 1767 1768 1769 1766 1760 1752 1746 1741 1737 1732 1729 1728 1728 1730 1735 1744 1754 1760 1763 1766 1770 1778 1788 1798 1807 1813 1819
2636 2628 2622 2617 2609 2599 2590 2580 2569 2558 2546 2537 2525 2511 2495 2477 2464 2458 2455 2454 2452 2448 2442 2430 2417 2402 2386 2375 2367 2361 2352 2338 2318 2294 2271 2252 2233 2215 2197 2182 2173 2164 2153 2142 2130 2122 2115 2106 2098 2092 2090 2089 2084 2078 2061 2034 1997 1955 1921 1887 1847 1810 1780 1764 1758 1753 1750 1744 1737 1729 1723 1719 1716 1714 1713 1713 1715 1717 1722 1727 1736 1751 1769 1786 1797 1799 1797 1793 1793 1796 1800 1799 1794 1786 1779 1773 1768 1764 1761 1761 1763 1764 1765 1766 1766 1765 1760 1755 1750 1745 1739 1734 1732 1731 1730 1732 1737 1746 1753 1757 1762 1768 1777 1785 1794 1802 1809 1815
2630 2624 2620 2617 2611 2602 2593 2583 2571 2559 2547 2537 2524 2509 2491 2472 2458 2449 2443 2438 2431 2426 2420 2410 2397 2383 2369 2358 2350 2342 2333 2321 2306 2286 2264 2245 2228 2212 2193 2175 2163 2153 2142 2132 2121 2115 2109 2100 2090 2082 2081 2083 2081 2073 2051 2018 1978 1933 1897 1863 1828 1800 1779 1768 1762 1758 1755 1752 1747 1740 1732 1726 1721 1717 1716 1717 1719 1723 1729 1738 1752 1770 1786 1799 1804 1802 1797 1794 1796 1801 1807 1811 1809 1803 1796 1788 1778 1769 1764 1763 1763 1764 1765 1766 1767 1768 1766 1763 1759 1754 1747 1742 1739 1736 1734 1732 1734 1739 1747 1754 1762 1769 1777 1783 1789 1796 1804 1812
2625 2618 2614 2611 2606 2598 2591 2582 2571 2560 2548 2537 2523 2507 2489 2470 2455 2444 2435 2425 2413 2405 2398 2387 2374 2360 2348 2339 2331 2324 2314 2303 2290 2274 2253 2236 2219 2204 2186 2168 2155 2145 2134 2124 2115 2109 2102 2092 2079 2070 2069 2072 2071 2060 2031 1992 1950 1907 1872 1841 1814 1795 1782 1774 1769 1765 1764 1762 1758 1751 1744 1738 1732 1726 1723 1724 1727 1733 1742 1755 1770 1784 1796 1805 1809 1807 1802 1799 1801 1806 1812 1819 1822 1820 1813 1802 1787 1775 1768 1765 1766 1767 1768 1769 1769 1769 1768 1768 1766 1761 1754 1748 1744 1742 1739 1735 1733 1737 1745 1755 1763 1770 1777 1782 1785 1791 1798 1807
2619 2611 2604 2600 2595 2589 2583 2576 2567 2557 2546 2534 2519 2503 2485 2467 2452 2439 2425 2411 2395 2383 2374 2361 2347 2333 2322 2315 2308 2301 2291 2279 2268 2254 2238 2222 2205 2189 2172 2155 2144 2135 2124 2114 2106 2100 2091 2078 2064 2054 2052 2055 2052 2035 2000 1959 1918 1879 1849 1824 1806 1797 1791 1786 1781 1777 1776 1775 1770 1764 1758 1753 1746 1739 1735 1738 1743 1753 1767 1781 1793 1800 1804 1810 1815 1817 1813 1811 1811 1812 1816 1824 1831 1833 1827 1813 1794 1779 1771 1769 1770 1772 1773 1773 1772 1769 1769 1770 1771 1767 1759 1752 1749 1747 1743 1738 1734 1737 1746 1756 1765 1772 1777 1780 1782 1785 1790 1799
2615 2606 2598 2592 2586 2581 2576 2570 2561 2552 2542 2530 2514 2497 2481 2463 2447 2430 2413 2397 2379 2366 2354 2339 2323 2307 2297 2291 2285 2279 2270 2257 2247 2236 2223 2209 2191 2173 2156 2141 2132 2123 2114 2106 2098 2091 2079 2064 2050 2040 2036 2035 2026 2005 1968 1928 1891 1859 1834 1815 1805 1803 1802 1799 1794 1789 1786 1784 1780 1775 1770 1764 1756 1748 1746 1753 1765 1781 1799 1811 1816 1815 1813 1816 1821 1824 1824 1822 1820 1817 1818 1824 1834 1839 1833 1816 1795 1779 1772 1771 1774 1776 1778 1778 1775 1770 1768 1771 1773 1770 1763 1756 1752 1749 1746 1740 1736 1737 1745 1756 1766 1773 1777 1780 1780 1781 1783 1791
2610 2603 2595 2587 2580 2574 2570 2562 2552 2542 2532 2521 2505 2488 2471 2454 2435 2415 2395 2378 2361 2348 2335 2317 2299 2282 2271 2266 2259 2253 2244 2232 2222 2215 2206 2193 2173 2153 2136 2122 2114 2105 2098 2093 2087 2078 2064 2047 2034 2025 2019 2011 1996 1972 1936 1902 1872 1845 1826 1813 1809 1813 1815 1814 1808 1801 1796 1792 1789 1786 1780 1772 1763 1756 1758 1773 1794 1816 1835 1845 1844 1835 1828 1828 1831 1834 1835 1834 1830 1823 1820 1825 1834 1838 1832 1816 1795 1778 1772 1773 1778 1781 1782 1781 1778 1773 1771 1772 1774 1773 1768 1761 1755 1752 1748 1742 1737 1737 1743 1753 1764 1772 1777 1779 1778 1776 1777 1783
2607 2601 2593 2585 2576 2569 2563 2554 2543 2532 2522 2510 2494 2476 2460 2441 2422 2401 2379 2361 2346 2334 2319 2299 2279 2262 2251 2245 2239 2232 2222 2209 2200 2194 2188 2175 2154 2134 2117 2105 2096 2089 2084 2081 2077 2068 2053 2036 2023 2013 2004 1991 1971 1947 1916 1887 1862 1841 1826 1817 1817 1823 1827 1827 1822 1814 1806 1801 1799 1796 1787 1776 1766 1763 1772 1795 1821 1845 1863 1870 1866 1856 1847 1844 1844 1846 1848 1847 1842 1831 1824 1826 1831 1833 1827 1813 1795 1782 1777 1779 1783 1785 1785 1784 1782 1778 1775 1774 1775 1774 1770 1764 1758 1754 1749 1743 1738 1737 1740 1748 1760 1770 1775 1777 1775 1774 1774 1778
2604 2598 2590 2582 2574 2563 2554 2544 2534 2523 2511 2498 2481 2464 2447 2427 2409 2388 2365 2347 2331 2318 2302 2281 2261 2245 2235 2229 2221 2213 2202 2188 2179 2172 2165 2152 2134 2116 2100 2088 2079 2072 2070 2069 2066 2058 2043 2026 2013 2001 1989 1974 1953 1930 1904 1880 1859 1840 1827 1822 1825 1831 1836 1838 1834 1826 1819 1814 1812 1806 1794 1780 1773 1775 1792 1819 1846 1866 1880 1886 1885 1877 1868 1861 1859 1861 1863 1862 1855 1841 1831 1828 1830 1830 1824 1813 1801 1792 1790 1790 1791 1790 1789 1788 1786 1784 1781 1779 1777 1774 1770 1766 1762 1758 1753 1746 1740 1737 1738 1745 1756 1766 1771 1773 1773 1772 1772 1776
2601 2594 2585 2578 2569 2556 2544 2535 2525 2515 2500 2486 2469 2452 2434 2413 2396 2377 2355 2336 2318 2304 2288 2267 2248 2232 2222 2214 2204 2194 2182 2168 2159 2150 2140 2128 2113 2098 2084 2071 2063 2057 2055 2056 2053 2045 2031 2015 2002 1989 1976 1961 1941 1921 1898 1877 1859 1841 1831 1828 1832 1838 1843 1845 1842 1836 1829 1824 1820 1812 1797 1785 1783 1792 1815 1843 1865 1879 1888 1894 1897 1893 1886 1877 1873 1874 1876 1875 1866 1852 1839 1833 1831 1829 1823 1815 1808 1805 1804 1803 1801 1797 1794 1793 1791 1790 1788 1785 1782 1777 1771 1768 1766 1763 1757 1750 1743 1739 1738 1742 1751 1759 1765 1768 1769 1770 1772 1775
2599 2590 2580 2572 2561 2547 2536 2527 2518 2506 2491 2476 2460 2443 2424 2402 2385 2368 2347 2328 2308 2293 2278 2259 2242 2225 2211 2199 2187 2175 2163 2150 2141 2131 2120 2108 2095 2081 2068 2057 2049 2043 2041 2041 2038 2030 2016 2001 1989 1977 1966 1952 1934 1915 1895 1876 1859 1844 1836 1834 1838 1844 1848 1849 1846 1840 1834 1827 1820 1808 1794 1788 1794 1811 1837 1864 1880 1887 1892 1896 1901 1901 1895 1887 1882 1883 1883 1882 1874 1861 1848 1838 1833 1828 1822 1817 1814 1814 1814 1812 1809 1804 1801 1799 1797 1795 1794 1791 1788 1782 1776 1772 1770 1767 1761 1754 1748 1742 1739 1740 1746 1752 1758 1761 1764 1768 1771 1775
2595 2585 2574 2563 2550 2537 2528 2520 2511 2497 2480 2465 2450 2434 2415 2393 2376 2360 2341 2322 2301 2285 2272 2255 2237 2217 2197 2181 2167 2155 2144 2132 2123 2112 2101 2090 2076 2063 2050 2040 2034 2028 2025 2023 2017 2007 1993 1979 1969 1960 1952 1940 1923 1905 1887 1871 1857 1845 1839 1839 1843 1847 1849 1848 1843 1837 1831 1822 1811 1799 1793 1795 1810 1832 1858 1881 1892 1896 1898 1900 1904 1904 1900 1893 1887 1885 1885 1884 1877 1866 1854 1844 1836 1830 1824 1821 1819 1818 1819 1818 1815 1811 1808 1806 1803 1801 1799 1798 1796 1791 1785 1780 1776 1772 1766 1760 1753 1746 1742 1740 1743 1746 1749 1754 1759 1763 1768 1771
2591 2580 2569 2555 2542 2531 2524 2516 2505 2490 2473 2458 2443 2427 2409 2388 2370 2355 2339 2323 2303 2286 2272 2255 2235 2210 2184 2165 2152 2142 2133 2122 2111 2099 2088 2077 2063 2048 2036 2027 2022 2017 2013 2007 1997 1984 1969 1957 1949 1942 1937 1927 1913 1897 1881 1867 1856 1847 1843 1843 1845 1848 1847 1843 1836 1828 1819 1808 1796 1791 1797 1811 1831 1853 1873 1889 1897 1900 1903 1905 1908 1908 1904 1896 1888 1883 1881 1880 1875 1867 1856 1846 1837 1832 1828 1826 1823 1821 1821 1820 1819 1816 1814 1812 1809 1806 1804 1804 1803 1799 1794 1788 1782 1777 1771 1764 1757 1750 1745 1742 1742 1742 1744 1748 1753 1759 1763 1768
2583 2573 2561 2548 2535 2526 2520 2510 2497 2482 2465 2449 2433 2416 2400 2381 2364 2349 2336 2323 2305 2289 2273 2253 2229 2198 2169 2150 2139 2133 2126 2114 2100 2086 2076 2065 2050 2035 2022 2013 2009 2005 2000 1990 1974 1957 1942 1931 1926 1921 1916 1908 1897 1885 1873 1862 1854 1847 1845 1845 1845 1844 1840 1834 1826 1816 1804 1791 1783 1788 1808 1832 1855 1872 1883 1892 1897 1902 1909 1913 1915 1915 1910 1900 1887 1877 1875 1875 1871 1865 1855 1845 1838 1834 1832 1830 1828 1825 1823 1822 1821 1820 1818 1817 1814 1812 1811 1810 1809 1807 1802 1797 1791 1785 1777 1768 1760 1754 1750 1745 1742 1740 1741 1743 1748 1754 1758 1763
2577 2568 2557 2544 2533 2524 2516 2504 2491 2475 2457 2441 2423 2407 2392 2375 2360 2345 2332 2321 2305 2288 2269 2247 2220 2188 2159 2141 2132 2129 2122 2108 2092 2077 2067 2057 2042 2027 2013 2003 1997 1992 1986 1973 1954 1935 1920 1910 1906 1901 1897 1891 1884 1876 1866 1858 1851 1845 1843 1842 1839 1835 1828 1821 1812 1802 1788 1777 1776 1792 1820 1849 1869 1881 1885 1890 1896 1905 1914 1920 1921 1919 1912 1900 1884 1873 1869 1870 1868 1864 1856 1847 1841 1838 1836 1834 1831 1827 1825 1824 1823 1823 1822 1820 1818 1817 1816 1815 1813 1811 1808 1804 1799 1793 1782 1772 1764 1758 1754 1749 1744 1741 1741 1741 1744 1749 1753 1757
2571 2565 2554 2543 2532 2521 2510 2496 2482 2466 2447 2429 2412 2395 2382 2368 2355 2341 2326 2313 2297 2278 2258 2235 2209 2181 2155 2139 2129 2124 2116 2100 2084 2069 2059 2051 2038 2023 2008 1993 1985 1978 1969 1954 1936 1918 1903 1893 1888 1883 1880 1876 1872 1868 1861 1852 1845 1839 1836 1833 1828 1822 1813 1804 1795 1786 1776 1772 1778 1799 1828 1854 1869 1878 1881 1887 1895 1906 1917 1922 1921 1917 1909 1896 1881 1870 1868 1870 1870 1867 1860 1852 1846 1842 1840 1838 1834 1829 1826 1826 1826 1827 1826 1825 1822 1820 1819 1818 1816 1815 1813 1811 1807 1799 1788 1777 1769 1763 1758 1753 1748 1744 1742 1741 1743 1745 1748 1750
2562 2558 2548 2538 2529 2515 2501 2484 2469 2453 2432 2414 2397 2381 2368 2357 2346 2332 2315 2299 2281 2262 2241 2219 2197 2174 2153 2138 2126 2117 2106 2090 2074 2061 2051 2044 2034 2021 2004 1986 1973 1962 1950 1936 1920 1904 1890 1880 1874 1869 1867 1865 1863 1860 1853 1845 1836 1829 1824 1820 1814 1807 1799 1789 1781 1775 1773 1776 1789 1808 1831 1849 1860 1868 1873 1882 1891 1902 1910 1913 1910 1904 1896 1887 1876 1869 1868 1871 1872 1870 1864 1856 1849 1844 1841 1838 1834 1829 1827 1827 1829 1831 1831 1829 1825 1824 1823 1820 1818 1816 1814 1813 1810 1803 1791 1781 1773 1767 1761 1756 1751 1747 1744 1742 1743 1743 1744 1746
2549 2546 2537 2530 2521 2507 2491 2472 2455 2437 2416 2398 2382 2365 2353 2343 2333 2320 2301 2284 2264 2246 2227 2206 2187 2167 2148 2134 2119 2107 2094 2078 2065 2054 2046 2040 2031 2020 2003 1982 1964 1949 1936 1923 1909 1895 1880 1869 1864 1860 1859 1857 1855 1851 1845 1835 1826 1817 1812 1806 1800 1794 1787 1780 1775 1774 1779 1789 1804 1819 1833 1843 1851 1860 1868 1875 1883 1889 1893 1892 1888 1882 1878 1874 1869 1865 1865 1868 1871 1870 1864 1855 1846 1840 1837 1834 1830 1827 1826 1827 1830 1833 1835 1833 1830 1829 1828 1823 1818 1814 1812 1812 1809 1802 1791 1782 1775 1768 1763 1758 1753 1750 1746 1744 1744 1744 1744 1745
2529 2525 2518 2512 2505 2493 2476 2455 2434 2415 2395 2378 2362 2346 2333 2322 2313 2301 2284 2266 2247 2230 2214 2196 2178 2159 2141 2125 2109 2094 2079 2065 2055 2048 2041 2035 2027 2017 2001 1979 1958 1939 1924 1912 1898 1884 1869 1858 1853 1851 1850 1848 1844 1839 1831 1822 1813 1804 1798 1792 1787 1782 1778 1775 1775 1779 1787 1800 1814 1824 1829 1834 1843 1853 1860 1864 1866 1867 1867 1864 1860 1858 1858 1859 1859 1858 1859 1862 1865 1864 1857 1847 1838 1831 1828 1827 1825 1824 1824 1826 1831 1835 1838 1839 1837 1837 1835 1829 1820 1813 1811 1810 1806 1799 1790 1783 1777 1771 1765 1760 1755 1752 1749 1747 1746 1746 1746 1746
2508 2503 2498 2495 2488 2477 2459 2435 2412 2393 2375 2361 2345 2328 2314 2300 2291 2281 2267 2251 2234 2219 2205 2188 2171 2153 2135 2120 2103 2086 2070 2056 2049 2043 2038 2032 2024 2015 2000 1980 1958 1937 1920 1905 1888 1873 1859 1850 1846 1845 1843 1839 1833 1826 1817 1808 1800 1793 1787 1781 1777 1774 1772 1774 1777 1783 1792 1804 1814 1819 1820 1823 1832 1841 1847 1848 1846 1845 1845 1844 1843 1843 1846 1850 1852 1854 1855 1857 1858 1856 1848 1837 1827 1821 1819 1820 1820 1821 1822 1825 1830 1836 1840 1841 1842 1843 1841 1834 1823 1814 1809 1808 1804 1797 1789 1783 1779 1774 1767 1761 1756 1753 1751 1749 1748 1748 1749 1749
2485 2478 2475 2474 2468 2455 2435 2409 2386 2369 2354 2342 2326 2309 2292 2276 2266 2258 2248 2237 2222 2209 2197 2180 2164 2148 2132 2118 2100 2083 2066 2052 2044 2038 2034 2030 2022 2012 1998 1981 1962 1938 1917 1896 1875 1859 1847 1841 1838 1836 1832 1826 1819 1811 1802 1794 1788 1782 1776 1771 1768 1767 1768 1772 1777 1782 1788 1795 1801 1804 1805 1809 1816 1824 1827 1825 1823 1824 1829 1833 1837 1840 1842 1845 1848 1851 1852 1853 1851 1846 1837 1825 1817 1814 1813 1815 1818 1820 1822 1826 1831 1838 1842 1845 1846 1847 1846 1841 1831 1820 1814 1811 1807 1800 1792 1788 1785 1780 1773 1765 1759 1757 1754 1752 1749 1749 1750 1751
2467 2458 2454 2452 2446 2432 2412 2387 2366 2350 2336 2324 2307 2290 2272 2255 2244 2238 2232 2225 2213 2203 2192 2177 2161 2145 2131 2117 2099 2081 2064 2050 2041 2035 2032 2030 2022 2010 1995 1981 1964 1940 1915 1890 1866 1848 1837 1832 1830 1826 1820 1812 1804 1796 1788 1782 1778 1774 1770 1766 1764 1764 1766 1770 1774 1777 1779 1782 1783 1785 1788 1793 1799 1804 1804 1803 1804 1809 1818 1828 1836 1841 1843 1844 1846 1849 1850 1848 1843 1836 1826 1815 1809 1808 1809 1812 1816 1820 1824 1830 1836 1841 1846 1849 1851 1853 1854 1851 1844 1833 1826 1821 1816 1808 1799 1796 1795 1790 1780 1771 1764 1762 1759 1756 1752 1750 1750 1752
2454 2442 2433 2427 2419 2407 2390 2370 2352 2337 2319 2305 2288 2269 2251 2235 2227 2222 2217 2212 2204 2198 2189 2175 2159 2143 2130 2116 2097 2078 2061 2047 2037 2031 2031 2030 2023 2010 1993 1977 1960 1935 1911 1886 1860 1842 1830 1824 1820 1814 1807 1799 1789 1781 1775 1771 1769 1767 1765 1763 1762 1763 1765 1767 1769 1770 1770 1770 1769 1770 1773 1777 1780 1782 1783 1785 1790 1798 1809 1821 1832 1838 1841 1844 1846 1848 1847 1844 1836 1826 1816 1808 1805 1806 1807 1810 1815 1820 1827 1837 1843 1848 1853 1856 1860 1863 1866 1866 1861 1853 1844 1837 1829 1820 1811 1808 1807 1801 1791 1780 1773 1770 1766 1762 1757 1752 1750 1751
2442 2426 2412 2402 2392 2380 2369 2355 2340 2323 2301 2284 2268 2250 2234 2221 2214 2209 2203 2198 2193 2190 2184 2172 2156 2141 2126 2112 2092 2073 2056 2043 2034 2029 2028 2029 2023 2010 1990 1971 1950 1926 1903 1880 1857 1838 1823 1814 1809 1802 1795 1786 1776 1769 1765 1764 1764 1763 1763 1763 1763 1763 1763 1763 1763 1763 1763 1762 1762 1762 1763 1764 1765 1766 1769 1775 1783 1792 1802 1812 1823 1830 1835 1839 1842 1843 1841 1837 1830 1818 1809 1804 1804 1805 1807 1809 1814 1821 1832 1845 1853 1857 1862 1867 1871 1875 1879 1881 1880 1874 1866 1858 1848 1837 1828 1823 1821 1815 1806 1795 1786 1781 1776 1769 1762 1756 1752 1750
2429 2413 2396 2382 2371 2361 2353 2341 2327 2308 2284 2266 2250 2234 2223 2214 2208 2201 2192 2186 2184 2184 2179 2166 2152 2137 2122 2106 2085 2067 2053 2042 2034 2028 2027 2027 2022 2010 1990 1967 1942 1916 1894 1875 1854 1835 1817 1805 1798 1792 1785 1777 1768 1763 1762 1762 1762 1762 1763 1763 1764 1764 1763 1762 1761 1761 1761 1760 1760 1760 1761 1761 1760 1760 1764 1772 1781 1789 1796 1804 1812 1819 1824 1829 1833 1835 1834 1830 1824 1814 1806 1804 1804 1805 1808 1810 1814 1822 1835 1850 1859 1864 1871 1876 1881 1884 1888 1891 1891 1889 1884 1876 1866 1855 1845 1836 1832 1827 1821 1812 1802 1794 1784 1775 1767 1760 1754 1751
2408 2393 2376 2362 2351 2341 2332 2320 2305 2286 2264 2246 2233 2222 2215 2209 2202 2190 2178 2171 2171 2172 2167 2155 2142 2129 2115 2098 2076 2059 2048 2040 2033 2026 2023 2022 2017 2008 1989 1962 1933 1905 1883 1866 1846 1826 1808 1794 1788 1782 1776 1768 1763 1762 1762 1762 1763 1763 1763 1763 1763 1763 1763 1763 1762 1762 1762 1762 1762 1762 1762 1762 1762 1761 1765 1773 1781 1787 1792 1796 1801 1807 1811 1817 1822 1825 1826 1824 1820 1813 1809 1808 1808 1809 1813 1815 1817 1826 1840 1855 1866 1872 1881 1887 1891 1894 1896 1897 1899 1899 1897 1893 1885 1875 1863 1851 1844 1840 1837 1830 1821 1808 1794 1781 1772 1765 1759 1754
2386 2374 2358 2346 2335 2323 2311 2297 2281 2265 2248 2235 2226 2218 2214 2208 2198 2182 2165 2157 2157 2156 2152 2144 2135 2124 2108 2089 2068 2054 2045 2037 2030 2022 2016 2014 2010 2002 1984 1955 1924 1894 1873 1856 1836 1816 1797 1784 1779 1775 1770 1764 1762 1763 1764 1764 1764 1764 1764 1764 1764 1764 1764 1764 1764 1764 1764 1765 1765 1765 1765 1765 1764 1763 1767 1775 1783 1788 1791 1793 1797 1800 1805 1810 1816 1820 1822 1821 1819 1817 1815 1815 1814 1815 1819 1821 1823 1831 1845 1860 1871 1880 1889 1896 1900 1901 1902 1902 1903 1905 1905 1904 1899 1891 1879 1865 1856 1852 1850 1844 1834 1819 1801 1784 1774 1768 1763 1757
2361 2350 2337 2327 2316 2300 2284 2267 2253 2242 2232 2226 2221 2216 2211 2202 2188 2169 2150 2140 2136 2134 2133 2130 2126 2117 2100 2080 2061 2049 2041 2032 2022 2012 2005 2002 1998 1991 1973 1944 1913 1883 1861 1844 1823 1802 1783 1773 1770 1768 1766 1763 1762 1763 1764 1764 1764 1764 1764 1764 1764 1765 1765 1765 1766 1766 1765 1765 1765 1766 1765 1764 1763 1762 1766 1775 1784 1789 1794 1797 1799 1802 1807 1813 1818 1822 1824 1824 1824 1824 1825 1826 1827 1828 1830 1832 1835 1843 1855 1869 1880 1891 1901 1908 1911 1911 1911 1911 1912 1913 1915 1916 1914 1908 1896 1882 1872 1867 1863 1856 1845 1829 1809 1790 1777 1771 1767 1762
2337 2327 2317 2308 2296 2277 2258 2242 2231 2226 2222 2220 2217 2212 2204 2191 2175 2156 2137 2124 2117 2112 2111 2112 2113 2106 2088 2069 2053 2042 2034 2023 2011 2000 1992 1988 1982 1975 1959 1931 1901 1871 1850 1831 1809 1787 1771 1765 1765 1764 1764 1763 1764 1764 1763 1763 1763 1763 1763 1764 1764 1764 1764 1764 1764 1764 1764 1763 1763 1763 1763 1762 1761 1761 1767 1779 1788 1794 1801 1805 1807 1810 1814 1820 1825 1829 1831 1833 1835 1837 1840 1843 1844 1845 1846 1848 1854 1861 1870 1882 1893 1904 1914 1920 1923 1923 1923 1922 1923 1924 1925 1927 1927 1922 1911 1896 1886 1878 1871 1863 1851 1837 1819 1799 1785 1776 1771 1767
2316 2307 2297 2287 2273 2255 2238 2224 2218 2216 2215 2212 2206 2199 2189 2175 2160 2143 2126 2112 2102 2094 2090 2090 2092 2088 2073 2056 2042 2032 2023 2011 1998 1986 1977 1972 1965 1959 1944 1918 1888 1859 1839 1820 1794 1774 1763 1762 1764 1763 1763 1764 1764 1764 1764 1764 1764 1764 1764 1763 1762 1761 1761 1760 1760 1760 1760 1760 1759 1759 1759 1759 1760 1764 1773 1787 1797 1804 1811 1814 1816 1818 1822 1829 1833 1836 1840 1845 1851 1856 1860 1864 1866 1866 1867 1870 1876 1882 1890 1900 1909 1918 1927 1933 1936 1937 1936 1936 1935 1936 1938 1941 1941 1935 1923 1907 1895 1886 1878 1868 1857 1847 1833 1815 1798 1784 1777 1771
2298 2289 2277 2265 2250 2235 2221 2211 2208 2208 2205 2198 2188 2178 2168 2155 2142 2129 2113 2100 2088 2077 2070 2066 2067 2065 2054 2041 2029 2019 2009 1998 1987 1974 1964 1957 1949 1943 1930 1904 1874 1846 1828 1809 1782 1765 1761 1762 1764 1763 1763 1763 1764 1764 1764 1764 1765 1765 1764 1763 1761 1760 1759 1759 1759 1759 1760 1761 1761 1760 1762 1764 1767 1774 1785 1800 1809 1815 1821 1824 1825 1827 1832 1837 1841 1845 1852 1860 1869 1877 1882 1886 1888 1890 1892 1896 1902 1907 1912 1921 1929 1936 1943 1949 1953 1954 1953 1952 1952 1953 1956 1959 1957 1949 1935 1918 1904 1894 1886 1877 1867 1859 1850 1835 1817 1799 1786 1778
2285 2276 2265 2251 2235 2221 2210 2203 2200 2198 2192 2181 2168 2158 2149 2139 2129 2116 2100 2087 2075 2063 2055 2048 2047 2045 2037 2027 2016 2007 1998 1989 1979 1968 1957 1948 1938 1931 1918 1893 1864 1837 1818 1799 1773 1761 1761 1763 1764 1764 1764 1764 1763 1763 1763 1762 1762 1761 1760 1760 1761 1762 1763 1763 1765 1767 1770 1772 1774 1774 1777 1780 1785 1792 1801 1811 1818 1822 1827 1829 1832 1836 1840 1845 1849 1855 1864 1875 1887 1895 1900 1904 1907 1910 1914 1919 1924 1928 1934 1943 1951 1958 1965 1970 1973 1973 1972 1970 1970 1971 1974 1977 1973 1963 1945 1927 1912 1902 1894 1887 1879 1872 1864 1852 1836 1816 1799 1787
2271 2263 2252 2239 2224 2209 2199 2192 2186 2180 2171 2160 2147 2137 2132 2124 2114 2100 2083 2069 2057 2047 2040 2033 2030 2026 2020 2011 2003 1995 1989 1982 1975 1965 1954 1944 1932 1922 1907 1882 1855 1829 1808 1788 1767 1760 1762 1764 1764 1764 1763 1764 1764 1763 1762 1761 1759 1758 1758 1761 1766 1771 1773 1776 1779 1783 1787 1792 1796 1798 1801 1804 1809 1814 1818 1821 1823 1826 1830 1834 1839 1846 1851 1855 1858 1865 1876 1889 1902 1910 1914 1918 1922 1927 1934 1938 1943 1946 1952 1962 1972 1981 1988 1991 1992 1991 1988 1987 1987 1988 1992 1994 1989 1977 1958 1940 1926 1915 1909 1905 1897 1888 1877 1866 1853 1835 1817 1800
2259 2252 2242 2231 2217 2203 2192 2182 2173 2164 2153 2142 2131 2123 2118 2112 2102 2085 2067 2052 2040 2033 2028 2023 2018 2013 2006 1998 1990 1985 1982 1978 1973 1966 1956 1945 1931 1918 1901 1876 1850 1824 1802 1782 1766 1762 1764 1764 1763 1763 1763 1763 1763 1763 1762 1762 1762 1764 1767 1772 1780 1785 1788 1791 1795 1800 1805 1810 1815 1818 1819 1821 1824 1826 1826 1824 1825 1828 1834 1841 1848 1856 1861 1864 1866 1871 1883 1897 1910 1919 1923 1927 1932 1939 1945 1949 1952 1955 1961 1972 1983 1993 1999 2000 1999 1997 1995 1994 1995 1997 2001 2003 1999 1987 1970 1954 1943 1933 1929 1924 1914 1901 1886 1874 1864 1848 1831 1812
2245 2238 2229 2220 2208 2195 2183 2170 2158 2147 2136 2126 2116 2109 2104 2096 2085 2068 2050 2033 2021 2016 2014 2010 2006 2001 1993 1985 1977 1974 1973 1972 1971 1966 1958 1947 1931 1915 1896 1869 1844 1818 1797 1779 1766 1763 1764 1764 1763 1764 1763 1763 1762 1762 1763 1767 1773 1781 1787 1793 1800 1803 1805 1807 1810 1813 1817 1821 1825 1827 1827 1827 1827 1827 1826 1824 1827 1834 1844 1853 1861 1870 1874 1875 1875 1877 1886 1900 1915 1925 1930 1936 1941 1947 1952 1954 1956 1959 1965 1974 1985 1994 1999 1998 1995 1992 1991 1992 1995 1999 2003 2005 2002 1993 1982 1971 1964 1957 1952 1945 1932 1915 1896 1881 1870 1857 1842 1823
